{
    "singlesData":{
        "D14":{
            "linkCount":14,
            "radii":{
                "avgAll":11.352700624561644,
                "maxCA":16.939441265802444,
                "maxHeavy":21.710456707135414
            }
        },
        "D54_j1_D79":{
            "linkCount":3,
            "radii":{
                "avgAll":16.170355049685853,
                "maxCA":26.641706566371088,
                "maxHeavy":28.327803289286805
            }
        },
        "D71":{
            "linkCount":1,
            "radii":{
                "avgAll":16.855603391453595,
                "maxCA":31.757870604162491,
                "maxHeavy":32.415428588336241
            }
        },
        "D76":{
            "linkCount":1,
            "radii":{
                "avgAll":16.30164574086723,
                "maxCA":29.883471802909323,
                "maxHeavy":32.420983911451565
            }
        },
        "D14_j1_D14":{
            "linkCount":14,
            "radii":{
                "avgAll":11.352700624561644,
                "maxCA":16.939441265802444,
                "maxHeavy":21.710456707135414
            }
        },
        "D14_j1_D18":{
            "linkCount":2,
            "radii":{
                "avgAll":11.352700624561644,
                "maxCA":16.939441265802444,
                "maxHeavy":21.710456707135414
            }
        },
        "D14_j4_D79":{
            "linkCount":3,
            "radii":{
                "avgAll":11.352700624561644,
                "maxCA":16.939441265802444,
                "maxHeavy":21.710456707135414
            }
        },
        "D18":{
            "linkCount":2,
            "radii":{
                "avgAll":16.94985041348016,
                "maxCA":28.587015944232462,
                "maxHeavy":30.117416503364286
            }
        },
        "D14_j2_D14":{
            "linkCount":13,
            "radii":{
                "avgAll":11.352700624561644,
                "maxCA":16.939441265802444,
                "maxHeavy":21.710456707135414
            }
        },
        "D14_j2_D79":{
            "linkCount":3,
            "radii":{
                "avgAll":11.352700624561644,
                "maxCA":16.939441265802444,
                "maxHeavy":21.710456707135414
            }
        },
        "D53":{
            "linkCount":3,
            "radii":{
                "avgAll":12.063377704231348,
                "maxCA":22.152728902807436,
                "maxHeavy":25.397420427990575
            }
        },
        "D54":{
            "linkCount":2,
            "radii":{
                "avgAll":16.170355049685853,
                "maxCA":26.641706566371088,
                "maxHeavy":28.327803289286805
            }
        },
        "D14_j2_D71":{
            "linkCount":1,
            "radii":{
                "avgAll":11.352700624561644,
                "maxCA":16.939441265802444,
                "maxHeavy":21.710456707135414
            }
        },
        "D14_j2_D54":{
            "linkCount":2,
            "radii":{
                "avgAll":11.352700624561644,
                "maxCA":16.939441265802444,
                "maxHeavy":21.710456707135414
            }
        },
        "D53_j1_D79":{
            "linkCount":3,
            "radii":{
                "avgAll":12.063377704231348,
                "maxCA":22.152728902807436,
                "maxHeavy":25.397420427990575
            }
        },
        "D79_j2_D14":{
            "linkCount":12,
            "radii":{
                "avgAll":17.554740027730631,
                "maxCA":31.698495558571008,
                "maxHeavy":33.686729373766177
            }
        },
        "D53_j1_D4":{
            "linkCount":2,
            "radii":{
                "avgAll":12.063377704231348,
                "maxCA":22.152728902807436,
                "maxHeavy":25.397420427990575
            }
        },
        "D79_j1_D54":{
            "linkCount":2,
            "radii":{
                "avgAll":17.554740027730631,
                "maxCA":31.698495558571008,
                "maxHeavy":33.686729373766177
            }
        },
        "D79":{
            "linkCount":3,
            "radii":{
                "avgAll":17.554740027730631,
                "maxCA":31.698495558571008,
                "maxHeavy":33.686729373766177
            }
        },
        "D8":{
            "linkCount":1,
            "radii":{
                "avgAll":11.917684108667196,
                "maxCA":22.333281841372312,
                "maxHeavy":24.017997955764315
            }
        },
        "D49_j1_D81":{
            "linkCount":1,
            "radii":{
                "avgAll":11.288166881226591,
                "maxCA":17.923917899428325,
                "maxHeavy":20.512417171408021
            }
        },
        "D49":{
            "linkCount":4,
            "radii":{
                "avgAll":11.288166881226591,
                "maxCA":17.923917899428325,
                "maxHeavy":20.512417171408021
            }
        },
        "D14_j3_D54":{
            "linkCount":2,
            "radii":{
                "avgAll":11.352700624561644,
                "maxCA":16.939441265802444,
                "maxHeavy":21.710456707135414
            }
        },
        "D14_j1_D54":{
            "linkCount":2,
            "radii":{
                "avgAll":11.352700624561644,
                "maxCA":16.939441265802444,
                "maxHeavy":21.710456707135414
            }
        },
        "D64":{
            "linkCount":1,
            "radii":{
                "avgAll":16.679445297985001,
                "maxCA":30.215376352539664,
                "maxHeavy":30.975669405282776
            }
        },
        "D14_j1_D81":{
            "linkCount":1,
            "radii":{
                "avgAll":11.352700624561644,
                "maxCA":16.939441265802444,
                "maxHeavy":21.710456707135414
            }
        },
        "D49_j1_D79":{
            "linkCount":3,
            "radii":{
                "avgAll":11.288166881226591,
                "maxCA":17.923917899428325,
                "maxHeavy":20.512417171408021
            }
        },
        "D14_j5_D79":{
            "linkCount":3,
            "radii":{
                "avgAll":11.352700624561644,
                "maxCA":16.939441265802444,
                "maxHeavy":21.710456707135414
            }
        },
        "D81":{
            "linkCount":1,
            "radii":{
                "avgAll":17.624824908672014,
                "maxCA":31.294363078291408,
                "maxHeavy":33.998772982555352
            }
        },
        "D49_j1_D14":{
            "linkCount":13,
            "radii":{
                "avgAll":11.288166881226591,
                "maxCA":17.923917899428325,
                "maxHeavy":20.512417171408021
            }
        },
        "D14_j1_D76":{
            "linkCount":1,
            "radii":{
                "avgAll":11.352700624561644,
                "maxCA":16.939441265802444,
                "maxHeavy":21.710456707135414
            }
        },
        "D4_j1_D64":{
            "linkCount":1,
            "radii":{
                "avgAll":12.46971426714968,
                "maxCA":19.768607135975099,
                "maxHeavy":21.037641655841583
            }
        },
        "D18_j1_D14":{
            "linkCount":13,
            "radii":{
                "avgAll":16.94985041348016,
                "maxCA":28.587015944232462,
                "maxHeavy":30.117416503364286
            }
        },
        "D4":{
            "linkCount":2,
            "radii":{
                "avgAll":12.46971426714968,
                "maxCA":19.768607135975099,
                "maxHeavy":21.037641655841583
            }
        },
        "D14_j1_D79":{
            "linkCount":3,
            "radii":{
                "avgAll":11.352700624561644,
                "maxCA":16.939441265802444,
                "maxHeavy":21.710456707135414
            }
        }
    },
    "complexity":208299687837696,
    "pairsData":{
        "D14":{
            "D14":{
                "comB":[
                    -7.276478101991401,
                    17.039874953454113,
                    7.837743410238907
                ],
                "rot":[
                    [
                        0.9541515159971165,
                        0.2567681712137429,
                        -0.1538342964749944
                    ],
                    [
                        -0.26684215286895985,
                        0.9625181642192567,
                        -0.0485185428496302
                    ],
                    [
                        0.13561028711961734,
                        0.08734351607041446,
                        0.986904737159465
                    ]
                ],
                "tran":[
                    10.426940895100094,
                    -15.217397251107156,
                    -8.027728086759202
                ]
            },
            "D14_j1_D14":{
                "comB":[
                    -7.011393738759371,
                    24.738937728281932,
                    17.55847637741602
                ],
                "rot":[
                    [
                        0.8158991739485113,
                        0.16429474658151222,
                        -0.5543606896199019
                    ],
                    [
                        -0.20358516759405618,
                        0.9790112864463055,
                        -0.009485807632985788
                    ],
                    [
                        0.5411669035388588,
                        0.12059907651581195,
                        0.8322224734154304
                    ]
                ],
                "tran":[
                    1.255004851166298,
                    -25.18530012932871,
                    -18.264730904099984
                ]
            },
            "D14_j1_D18":{
                "comB":[
                    -14.458442965952969,
                    26.762064204702273,
                    15.602999803971464
                ],
                "rot":[
                    [
                        0.8985814115679522,
                        0.22265192408607637,
                        -0.3781237462594955
                    ],
                    [
                        -0.2525985784011212,
                        0.9670798121717266,
                        -0.030831721969931114
                    ],
                    [
                        0.35881109929081,
                        0.1232183330136658,
                        0.9252415022225571
                    ]
                ],
                "tran":[
                    14.153617950710796,
                    -24.58442750461085,
                    -19.078503074269392
                ]
            },
            "D14_j5_D79":{
                "comB":[
                    -26.73481463082902,
                    22.669676309939895,
                    22.10549401170085
                ],
                "rot":[
                    [
                        0.7329081594817219,
                        -0.37032098626315624,
                        -0.5707083290948172
                    ],
                    [
                        0.009841781501146868,
                        0.844556237402291,
                        -0.5353764107632764
                    ],
                    [
                        0.6802563995303526,
                        0.3867649531666075,
                        0.6226267757654126
                    ]
                ],
                "tran":[
                    4.333650017982366,
                    -37.59590980526216,
                    -16.884443913846134
                ]
            },
            "D14_j4_D79":{
                "comB":[
                    -2.151464150732112,
                    32.94985193185894,
                    12.371327676969491
                ],
                "rot":[
                    [
                        0.8003625402535721,
                        0.11024443547681773,
                        -0.5892927698565859
                    ],
                    [
                        -0.10365520652169413,
                        0.99359033198614,
                        0.04509822994993121
                    ],
                    [
                        0.590487427740671,
                        0.02498832987755907,
                        0.8066598918070338
                    ]
                ],
                "tran":[
                    -2.1677384379101508,
                    -32.810606186139275,
                    -12.73327611328481
                ]
            },
            "D14_j1_D76":{
                "comB":[
                    -7.25813594335653,
                    23.965520962098516,
                    18.87799812993903
                ],
                "rot":[
                    [
                        0.7180783940863948,
                        0.21416487391477332,
                        -0.6621909292095256
                    ],
                    [
                        -0.31802910560228237,
                        0.9472990832371965,
                        -0.03849590741596888
                    ],
                    [
                        0.6190483890101947,
                        0.23823906833060693,
                        0.7483456677130204
                    ]
                ],
                "tran":[
                    1.1472494690589112,
                    -25.645554953956108,
                    -18.010965424162293
                ]
            },
            "D14_j2_D14":{
                "comB":[
                    -0.8736628771913698,
                    29.31746703020405,
                    11.708555970806234
                ],
                "rot":[
                    [
                        -0.0946764176017838,
                        0.8093884685348027,
                        -0.5795918244359388
                    ],
                    [
                        0.16124177698019826,
                        -0.5620517449450234,
                        -0.8112329661450666
                    ],
                    [
                        -0.9823632043731895,
                        -0.17025904677033016,
                        -0.0772941892156063
                    ]
                ],
                "tran":[
                    6.692138810151391,
                    19.17855373852653,
                    24.181931218488344
                ]
            },
            "D14_j3_D54":{
                "comB":[
                    -14.215194698124737,
                    27.32938820549415,
                    7.751802097217855
                ],
                "rot":[
                    [
                        0.3964995169875532,
                        0.10610598144783237,
                        -0.9118824780253368
                    ],
                    [
                        0.7143626293142339,
                        0.5882175041014065,
                        0.37905962816945604
                    ],
                    [
                        0.5766057291320399,
                        -0.8017117241064294,
                        0.15742980836679082
                    ]
                ],
                "tran":[
                    -18.356509284689317,
                    -8.35259670964526,
                    -24.542419416874253
                ]
            },
            "D14_j2_D54":{
                "comB":[
                    -12.347843750875587,
                    25.78019855617316,
                    17.23089757509518
                ],
                "rot":[
                    [
                        0.8703695790466655,
                        0.22211140934078727,
                        -0.4394579817352051
                    ],
                    [
                        -0.24273466093487572,
                        0.9700458775659639,
                        0.009533089641318652
                    ],
                    [
                        0.42841181152130003,
                        0.09837437297349175,
                        0.8982125597491444
                    ]
                ],
                "tran":[
                    9.623015278665532,
                    -23.96045709914145,
                    -21.149132055050046
                ]
            },
            "D14_j1_D54":{
                "comB":[
                    -13.083572732645512,
                    29.227669227735966,
                    14.375525566036588
                ],
                "rot":[
                    [
                        0.6644397987460451,
                        0.519352871525651,
                        -0.5373940348388487
                    ],
                    [
                        -0.6148966528889953,
                        0.7886054937115401,
                        0.001865892250017931
                    ],
                    [
                        0.4247609446597309,
                        0.3292020202338366,
                        0.8433292179011318
                    ]
                ],
                "tran":[
                    20.559080593829925,
                    -20.986561511124563,
                    -19.208870354925402
                ]
            },
            "D14_j1_D81":{
                "comB":[
                    -17.18413535715557,
                    29.141093353122386,
                    12.952434586962939
                ],
                "rot":[
                    [
                        0.837154373683781,
                        0.14712774058248573,
                        -0.5268073486325047
                    ],
                    [
                        -0.15931329907163042,
                        0.9869721616132937,
                        0.022477209330706745
                    ],
                    [
                        0.5232512086570169,
                        0.0651105225864155,
                        0.8496874675358551
                    ]
                ],
                "tran":[
                    12.250960740177872,
                    -27.076524674267567,
                    -20.71326058408937
                ]
            },
            "D14_j2_D71":{
                "comB":[
                    -15.16768010660853,
                    29.709265788429505,
                    4.348520246556035
                ],
                "rot":[
                    [
                        0.8090936891867209,
                        0.18349361391632527,
                        -0.5582987513600126
                    ],
                    [
                        -0.17809274781312173,
                        0.9818896801605708,
                        0.06461910840102433
                    ],
                    [
                        0.5600449761354833,
                        0.04714604592219729,
                        0.827119625604004
                    ]
                ],
                "tran":[
                    15.127712115924576,
                    -26.593064580555833,
                    -13.984629569307867
                ]
            },
            "D14_j1_D79":{
                "comB":[
                    -26.103633156320257,
                    26.904841336074934,
                    10.493787386834216
                ],
                "rot":[
                    [
                        0.4857025506186944,
                        -0.5556767073737716,
                        -0.6747713903276711
                    ],
                    [
                        0.38518795369652814,
                        0.8290085031248807,
                        -0.40543204371845865
                    ],
                    [
                        0.7846803633643294,
                        -0.06299443331667204,
                        0.6166915182824679
                    ]
                ],
                "tran":[
                    -5.919088474102094,
                    -36.148472975849515,
                    -13.177329704808177
                ]
            },
            "D14_j2_D79":{
                "comB":[
                    -18.05994330248963,
                    26.460770364526894,
                    8.959104849178216
                ],
                "rot":[
                    [
                        0.771161054041842,
                        0.13033874183251365,
                        -0.6231552303452103
                    ],
                    [
                        -0.15006844491412333,
                        0.9884518641281586,
                        0.021032692234343148
                    ],
                    [
                        0.6187003237191099,
                        0.0772963432452348,
                        0.7818153137095635
                    ]
                ],
                "tran":[
                    12.35505050249806,
                    -24.49379354906284,
                    -18.81505473626222
                ]
            }
        },
        "D54_j1_D79":{
            "D79_j1_D54":{
                "comB":[
                    13.10893479537235,
                    30.387240375481987,
                    -22.71656612907805
                ],
                "rot":[
                    [
                        0.8279213362833762,
                        0.21532249291170716,
                        -0.5178633844683712
                    ],
                    [
                        0.5596065730926645,
                        -0.37846844599843543,
                        0.7372937804803543
                    ],
                    [
                        -0.03723901553790826,
                        -0.9002210058812318,
                        -0.4338379839202078
                    ]
                ],
                "tran":[
                    -28.704008824351515,
                    -11.77196688735319,
                    -25.470995245926964
                ]
            },
            "D79_j2_D14":{
                "comB":[
                    15.984587479534543,
                    30.910953081795828,
                    -19.73631997604434
                ],
                "rot":[
                    [
                        0.9612300531644595,
                        0.12276417581316865,
                        -0.2469124177322064
                    ],
                    [
                        0.27533703662429626,
                        -0.3784571010666763,
                        0.883719264764076
                    ],
                    [
                        0.015043309356686352,
                        -0.9174416492557558,
                        -0.39758586375081006
                    ]
                ],
                "tran":[
                    -23.57889652657708,
                    -8.370786962155467,
                    -31.216693414515568
                ]
            },
            "D79":{
                "comB":[
                    17.62411658009836,
                    20.65945293450211,
                    -21.309259757630265
                ],
                "rot":[
                    [
                        0.6643720254804981,
                        0.7458498231948101,
                        0.04814408581758679
                    ],
                    [
                        0.5440873198187086,
                        -0.5268029755176876,
                        0.6530295654855186
                    ],
                    [
                        0.5124244336206407,
                        -0.40765998850265084,
                        -0.7558005911631611
                    ]
                ],
                "tran":[
                    -12.030131043499583,
                    -10.948415544563304,
                    -30.445281676144155
                ]
            }
        },
        "D71":{
            "D71":{
                "comB":[
                    -17.15572180351943,
                    13.494488801300616,
                    2.486991432855676
                ],
                "rot":[
                    [
                        0.9201584038263655,
                        -0.37817620899454685,
                        -0.10144588122850764
                    ],
                    [
                        0.3908131023202613,
                        0.9029219507372099,
                        0.17887724822270065
                    ],
                    [
                        0.023950593364862292,
                        -0.20424178276597835,
                        0.9786274384310131
                    ]
                ],
                "tran":[
                    10.452593638043071,
                    -18.164408422921696,
                    -6.588072394753281
                ]
            }
        },
        "D76":{
            "D76":{
                "comB":[
                    0.8313671789897805,
                    10.759690207516027,
                    19.009379504749788
                ],
                "rot":[
                    [
                        0.9517415540125194,
                        -0.2823939117725374,
                        0.12017359510158052
                    ],
                    [
                        0.3067340377849661,
                        0.8881685680334347,
                        -0.34215614099642894
                    ],
                    [
                        -0.010111598783823204,
                        0.36250554940751156,
                        0.9319267579690974
                    ]
                ],
                "tran":[
                    -3.8993946948720293,
                    -16.21265117556387,
                    -14.133763715893586
                ]
            }
        },
        "D14_j1_D14":{
            "D14":{
                "comB":[
                    22.108740266855026,
                    27.023567930403857,
                    6.455082208248231
                ],
                "rot":[
                    [
                        0.6025227947256803,
                        0.7555940769501435,
                        0.2569900245414507
                    ],
                    [
                        -0.7937669418648046,
                        0.600848352416639,
                        0.09442086316490439
                    ],
                    [
                        -0.08306818788532057,
                        -0.2608809082245575,
                        0.9617904282562696
                    ]
                ],
                "tran":[
                    8.66560688263276,
                    -31.258291752715095,
                    -14.441750595044288
                ]
            },
            "D14_j1_D14":{
                "comB":[
                    25.24516377110517,
                    20.84100411933092,
                    -1.2649513436025999
                ],
                "rot":[
                    [
                        0.42699712784049415,
                        0.49700023067664817,
                        -0.7554232082239243
                    ],
                    [
                        0.7636942529786811,
                        0.24912454132507963,
                        0.5955737157371046
                    ],
                    [
                        0.4841947343613948,
                        -0.831220628724364,
                        -0.2731807562764459
                    ]
                ],
                "tran":[
                    -26.08328471456707,
                    -18.7903114608265,
                    6.312867980366193
                ]
            },
            "D14_j1_D18":{
                "comB":[
                    32.90667849872954,
                    33.673166386566535,
                    14.27036134737266
                ],
                "rot":[
                    [
                        0.2675568110044739,
                        0.9611075390426052,
                        -0.06845181721899121
                    ],
                    [
                        -0.884425368734709,
                        0.273159062268463,
                        0.37838590597310495
                    ],
                    [
                        0.3823677811003303,
                        -0.04069920264673525,
                        0.923113457208988
                    ]
                ],
                "tran":[
                    15.520470234139943,
                    -40.24419501542573,
                    -23.662092227279626
                ]
            },
            "D14_j5_D79":{
                "comB":[
                    -0.48589850751778063,
                    51.27120218286932,
                    12.613320987312315
                ],
                "rot":[
                    [
                        -0.89302301124817,
                        0.06398418883922952,
                        -0.4454390249628304
                    ],
                    [
                        -0.07396834840356797,
                        0.9555066231341323,
                        0.28554470154645817
                    ],
                    [
                        0.4438902846601842,
                        0.2879463782119742,
                        -0.848556597086433
                    ]
                ],
                "tran":[
                    -2.2404030457806035,
                    -52.59084353544076,
                    -4.153541547702529
                ]
            },
            "D14_j4_D79":{
                "comB":[
                    48.355242769345836,
                    15.022430362896884,
                    32.40394797446416
                ],
                "rot":[
                    [
                        -0.334806922774458,
                        0.9377675404424053,
                        -0.09217572649510597
                    ],
                    [
                        -0.16202660315789108,
                        0.03907023866349271,
                        0.9860126248278434
                    ],
                    [
                        0.928251961663111,
                        0.34505877259298934,
                        0.13886230275062547
                    ]
                ],
                "tran":[
                    -11.455324878433071,
                    -57.11417353412462,
                    -14.854813195247319
                ]
            },
            "D14_j1_D76":{
                "comB":[
                    20.469708124540645,
                    38.33451571189066,
                    27.932228974673293
                ],
                "rot":[
                    [
                        -0.3481750094492514,
                        0.8823254731775441,
                        -0.3166637367572064
                    ],
                    [
                        -0.07911065136592632,
                        0.30893934306783766,
                        0.9477858340074895
                    ],
                    [
                        0.9340854712688089,
                        0.35504681619025524,
                        -0.03776361579206455
                    ]
                ],
                "tran":[
                    -15.931379937945636,
                    -39.82123397420169,
                    -28.796074717005567
                ]
            },
            "D14_j2_D14":{
                "comB":[
                    36.03292072871028,
                    10.256272191457386,
                    14.60582923533462
                ],
                "rot":[
                    [
                        0.4063380083630005,
                        -0.49728620613641195,
                        -0.7665480103333675
                    ],
                    [
                        -0.06265791003294033,
                        -0.852118486193315,
                        0.5195845184355646
                    ],
                    [
                        -0.9115719440998032,
                        -0.16309664212995834,
                        -0.3774070429338041
                    ]
                ],
                "tran":[
                    -0.684644512916633,
                    29.040395282772344,
                    27.804306264854105
                ]
            },
            "D14_j3_D54":{
                "comB":[
                    46.38948305186195,
                    37.311497152063914,
                    33.125015176860245
                ],
                "rot":[
                    [
                        0.9157601971684036,
                        0.3961130521831362,
                        0.0669157019857648
                    ],
                    [
                        -0.25989260810720305,
                        0.4571492238223607,
                        0.8505706433976249
                    ],
                    [
                        0.3063316724292863,
                        -0.796309636415869,
                        0.5215859175801276
                    ]
                ],
                "tran":[
                    -42.93190113725214,
                    -9.054632891831396,
                    -52.11779039781005
                ]
            },
            "D14_j2_D54":{
                "comB":[
                    20.84722902035925,
                    39.247562579221274,
                    1.0844241068558897
                ],
                "rot":[
                    [
                        0.5639125443473779,
                        0.6328953971043598,
                        -0.5305148995568186
                    ],
                    [
                        -0.08803630698786463,
                        0.6848080972552214,
                        0.7233861199840801
                    ],
                    [
                        0.8211286445981559,
                        -0.36122193490678006,
                        0.4418896499835646
                    ]
                ],
                "tran":[
                    -9.191255188745696,
                    -39.6794461670095,
                    -17.810572192253677
                ]
            },
            "D14_j1_D54":{
                "comB":[
                    43.80213198055997,
                    30.616382754255017,
                    -13.394890262450964
                ],
                "rot":[
                    [
                        0.7489950635677809,
                        0.6499563729956296,
                        0.12869773872707074
                    ],
                    [
                        -0.3404607362389839,
                        0.21090279554812466,
                        0.9163004408541962
                    ],
                    [
                        0.5684125982336289,
                        -0.7301210338240856,
                        0.3792497780315025
                    ]
                ],
                "tran":[
                    -14.770080036561579,
                    -44.70644667038528,
                    -28.611031193616583
                ]
            },
            "D14_j1_D81":{
                "comB":[
                    21.74658195883391,
                    45.8221782824845,
                    16.721458672086374
                ],
                "rot":[
                    [
                        0.6417863785057669,
                        0.6622878570514394,
                        -0.3866329509582229
                    ],
                    [
                        -0.604957841839787,
                        0.7470724748798894,
                        0.2755153840956668
                    ],
                    [
                        0.47131332885989874,
                        0.05707461501445119,
                        0.880117170813042
                    ]
                ],
                "tran":[
                    5.882779651796655,
                    -49.58935611378217,
                    -18.933612791943894
                ]
            },
            "D14_j2_D71":{
                "comB":[
                    46.23181702783687,
                    27.738618756271183,
                    40.434941429605246
                ],
                "rot":[
                    [
                        -0.41296054175342856,
                        0.9055109357610348,
                        -0.09753735782709075
                    ],
                    [
                        -0.7549884939275959,
                        -0.280468230033355,
                        0.5927309220707975
                    ],
                    [
                        0.5093682017869342,
                        0.3184140655799178,
                        0.7994726498443911
                    ]
                ],
                "tran":[
                    19.43798079913183,
                    -46.95866868475458,
                    -44.258837562963485
                ]
            },
            "D14_j1_D79":{
                "comB":[
                    9.17766461131814,
                    70.48194550624129,
                    -18.33500810511056
                ],
                "rot":[
                    [
                        -0.09063946035786147,
                        0.39671604274190153,
                        -0.9134554557597443
                    ],
                    [
                        0.35268126188007504,
                        0.8705746285909434,
                        0.3430972800422916
                    ],
                    [
                        0.931343339346298,
                        -0.2910604704953023,
                        -0.21882272909901224
                    ]
                ],
                "tran":[
                    -6.949615237633441,
                    -70.33731640328632,
                    -19.810892496551524
                ]
            },
            "D14_j2_D79":{
                "comB":[
                    5.0408448807829505,
                    42.5449558805234,
                    -19.545332468643142
                ],
                "rot":[
                    [
                        0.6203717159959524,
                        0.3814712940320398,
                        -0.6852872287017746
                    ],
                    [
                        0.18989921103546586,
                        0.7746924080150773,
                        0.6031500332520165
                    ],
                    [
                        0.7609712370650716,
                        -0.5043127251947168,
                        0.4081561607599872
                    ]
                ],
                "tran":[
                    3.666984683500651,
                    -44.73915182176316,
                    -14.22901707419708
                ]
            }
        },
        "D14_j1_D18":{
            "D18_j1_D14":{
                "comB":[
                    -31.605053943892315,
                    11.776286476187106,
                    12.131931279801167
                ],
                "rot":[
                    [
                        0.8549680810180108,
                        -0.07374667403202051,
                        -0.5134111495766286
                    ],
                    [
                        -0.48920276737068,
                        -0.4435931006508804,
                        -0.7509366241247037
                    ],
                    [
                        -0.1723665653113991,
