{
    "stat":{
        "D14":14,
        "D54_j1_D79":3,
        "D71":1,
        "D76":1,
        "D14_j1_D14":14,
        "D14_j1_D18":2,
        "D14_j4_D79":3,
        "D18":2,
        "D14_j2_D14":14,
        "D14_j2_D79":3,
        "D53":3,
        "D54":2,
        "D14_j2_D71":1,
        "D14_j2_D54":2,
        "D53_j1_D79":3,
        "D79_j2_D14":14,
        "D53_j1_D4":2,
        "D79_j1_D54":2,
        "D79":3,
        "D8":1,
        "D49_j1_D81":1,
        "D49":4,
        "D14_j3_D54":2,
        "D14_j1_D54":2,
        "D64":1,
        "D14_j1_D81":1,
        "D49_j1_D79":3,
        "D14_j5_D79":3,
        "D81":1,
        "D49_j1_D14":14,
        "D14_j1_D76":1,
        "D4_j1_D64":1,
        "D18_j1_D14":14,
        "D4":2,
        "D14_j1_D79":3
    },
    "links":35,
    "complexity":303521499316224,
    "data":{
        "D14":{
            "D14":{
                "comB":[
                    -5.110887520108372,
                    18.93908748924732,
                    5.044424937665463
                ],
                "rot":[
                    [
                        0.9444549816535577,
                        0.1827048038208789,
                        -0.27317346556822186
                    ],
                    [
                        -0.1858797477318626,
                        0.9824663011903163,
                        0.014445982436576632
                    ],
                    [
                        0.27102307468722586,
                        0.03713383478975507,
                        0.9618563153095636
                    ]
                ],
                "tran":[
                    6.980671835445599,
                    -17.86102101694774,
                    -6.52155946734369
                ]
            },
            "D14_j1_D14":{
                "comB":[
                    -2.9598030362917918,
                    28.46906061726387,
                    13.175015195075309
                ],
                "rot":[
                    [
                        0.7886984095924561,
                        0.18035449158200217,
                        -0.5877304450788029
                    ],
                    [
                        0.03406683704390001,
                        0.9417106632244763,
                        0.3346946031580763
                    ],
                    [
                        0.6138357022201906,
                        -0.283995218508191,
                        0.736581595306542
                    ]
                ],
                "tran":[
                    -6.722453873316353,
                    -22.534186735928742,
                    -20.972033721593938
                ]
            },
            "D14_j1_D18":{
                "comB":[
                    -12.180545020345095,
                    29.93017109879502,
                    10.737968480050865
                ],
                "rot":[
                    [
                        0.8715196577140273,
                        0.2758087282816429,
                        -0.40544177340487214
                    ],
                    [
                        -0.29331036056797094,
                        0.955813832252115,
                        0.01972182696946357
                    ],
                    [
                        0.3929663072090425,
                        0.10173231285677842,
                        0.9139081014627778
                    ]
                ],
                "tran":[
                    15.174843634716003,
                    -26.340594179253596,
                    -15.342491265797923
                ]
            },
            "D14_j5_D79":{
                "comB":[
                    -7.075069123218136,
                    32.29052066583238,
                    11.706285730210318
                ],
                "rot":[
                    [
                        0.8140296879048021,
                        0.26791500141672137,
                        -0.5153418469574236
                    ],
                    [
                        -0.16535826019713765,
                        0.9574435415106545,
                        0.23655551273244865
                    ],
                    [
                        0.5567874935684043,
                        -0.10734717898209661,
                        0.8236894257973691
                    ]
                ],
                "tran":[
                    4.580438013170728,
                    -27.76398999875002,
                    -20.927013842442626
                ]
            },
            "D14_j4_D79":{
                "comB":[
                    -0.034709971043325606,
                    35.141982711238775,
                    6.082956675165917
                ],
                "rot":[
                    [
                        0.7083496620793851,
                        0.07983918036387222,
                        -0.701331919643507
                    ],
                    [
                        0.3370487813877542,
                        0.8347358052818752,
                        0.43544718892817463
                    ],
                    [
                        0.6201926113692835,
                        -0.5448319379948687,
                        0.5643751271483393
                    ]
                ],
                "tran":[
                    -15.59298178632386,
                    -26.01728236516574,
                    -18.759467786667727
                ]
            },
            "D14_j1_D76":{
                "comB":[
                    -4.027594046883912,
                    27.408509876468393,
                    14.092490097932002
                ],
                "rot":[
                    [
                        0.8152956070447478,
                        0.20672130182066661,
                        -0.5408875821343144
                    ],
                    [
                        -0.041111261009260505,
                        0.9524106798559582,
                        0.3020327153050485
                    ],
                    [
                        0.5775837059264779,
                        -0.22400937540621182,
                        0.7849948167843882
                    ]
                ],
                "tran":[
                    -3.728698588260785,
                    -22.114475324974013,
                    -21.51941353827037
                ]
            },
            "D14_j2_D14":{
                "comB":[
                    4.280445041885863,
                    25.10359161187217,
                    9.507586379754917
                ],
                "rot":[
                    [
                        0.1544717332463344,
                        0.24895940862519902,
                        -0.956115943013641
                    ],
                    [
                        0.8010842413691093,
                        -0.5979744250119476,
                        -0.026279750031317717
                    ],
                    [
                        -0.5782754722949532,
                        -0.7618699363333752,
                        -0.2918076048587951
                    ]
                ],
                "tran":[
                    -15.27291058693806,
                    21.188779654203582,
                    7.526926666363618
                ]
            },
            "D14_j3_D54":{
                "comB":[
                    -10.95285714820928,
                    28.712022020266605,
                    3.525928575587766
                ],
                "rot":[
                    [
                        0.4805091157126326,
                        0.11148601163805497,
                        -0.8698746225325256
                    ],
                    [
                        0.7398140393377974,
                        0.4811118970651841,
                        0.47032598237927603
                    ],
                    [
                        0.47094179780069956,
                        -0.869541380102971,
                        0.14869973561800848
                    ]
                ],
                "tran":[
                    -17.638822843743082,
                    -9.526625177468398,
                    -23.55619103998012
                ]
            },
            "D14_j2_D54":{
                "comB":[
                    -9.159748634985073,
                    29.062874463086573,
                    13.006131167945966
                ],
                "rot":[
                    [
                        0.8797986161015495,
                        0.24694000896913348,
                        -0.4061711795242522
                    ],
                    [
                        -0.18721038517135966,
                        0.9654191114166681,
                        0.18143376476125594
                    ],
                    [
                        0.4369286747168115,
                        -0.08358571218680602,
                        0.8956041323757025
                    ]
                ],
                "tran":[
                    7.816700985369895,
                    -24.708613997104504,
                    -20.641564145359474
                ]
            },
            "D14_j1_D54":{
                "comB":[
                    -10.265211444119258,
                    28.457885641370503,
                    12.025337138921023
                ],
                "rot":[
                    [
                        0.831844252697024,
                        0.20819547229680058,
                        -0.5144801109567236
                    ],
                    [
                        -0.0771405582186878,
                        0.9613491827493811,
                        0.26430490556326564
                    ],
                    [
                        0.5496221188531623,
                        -0.18017323370081753,
                        0.8157531074566315
                    ]
                ],
                "tran":[
                    4.124637611200931,
                    -23.05439137981444,
                    -22.61298390698395
                ]
            },
            "D14_j1_D81":{
                "comB":[
                    -14.397591340552585,
                    31.420673068899376,
                    8.636721172101366
                ],
                "rot":[
                    [
                        0.807678310781232,
                        0.2644842591471764,
                        -0.5269761123209896
                    ],
                    [
                        -0.19596123481092653,
                        0.9633551831907968,
                        0.18315563182933509
                    ],
                    [
                        0.5561069508151756,
                        -0.04466394163970422,
                        0.8299097490524212
                    ]
                ],
                "tran":[
                    12.982611492231879,
                    -26.07562413575238,
                    -20.50952460560547
                ]
            },
            "D14_j2_D71":{
                "comB":[
                    -12.05452548971932,
                    30.738887789298076,
                    0.11307141359667389
                ],
                "rot":[
                    [
                        0.8102236771305606,
                        0.15480233706684604,
                        -0.5653086143476638
                    ],
                    [
                        -0.03949411350718324,
                        0.9767187612898918,
                        0.2108570044902962
                    ],
                    [
                        0.5847886866341679,
                        -0.14851497494522747,
                        0.7974744473659976
                    ]
                ],
                "tran":[
                    10.914915781849166,
                    -28.13995733467432,
                    -13.386229165651555
                ]
            },
            "D14_j1_D79":{
                "comB":[
                    -6.393556502222529,
                    34.48319119992463,
                    9.453169533311208
                ],
                "rot":[
                    [
                        0.8321614845706616,
                        0.238210243999653,
                        -0.5007625617503565
                    ],
                    [
                        -0.2157725757091654,
                        0.9709626556332324,
                        0.10331368223761188
                    ],
                    [
                        0.5108321242531505,
                        0.022077160580281474,
                        0.8593969628825362
                    ]
                ],
                "tran":[
                    7.9322959125246255,
                    -32.16776268920359,
                    -14.888340864922666
                ]
            },
            "D14_j2_D79":{
                "comB":[
                    -14.357115894284243,
                    29.28863098999973,
                    5.353072947570694
                ],
                "rot":[
                    [
                        0.8222316252079975,
                        0.1882729399251592,
                        -0.5371112125060805
                    ],
                    [
                        -0.10857114662797634,
                        0.9782579171913055,
                        0.17670244359491738
                    ],
                    [
                        0.5587015845938696,
                        -0.08697555716674596,
                        0.8247956060914925
                    ]
                ],
                "tran":[
                    11.993592917191407,
                    -25.48324793490682,
                    -17.301494665265515
                ]
            }
        },
        "D54_j1_D79":{
            "D79_j1_D54":{
                "comB":[
                    17.473460422560226,
                    33.47533019753389,
                    -11.247148838362028
                ],
                "rot":[
                    [
                        0.9814117952621424,
                        0.161742946149115,
                        -0.10329621237655845
                    ],
                    [
                        0.10444223616274137,
                        0.0014240674983964918,
                        0.9945299348622373
                    ],
                    [
                        0.16100530247685846,
                        -0.9868318962228394,
                        -0.015495198339187402
                    ]
                ],
                "tran":[
                    -18.833995792444107,
                    -13.972788812210629,
                    -31.661279955906558
                ]
            },
            "D79_j2_D14":{
                "comB":[
                    19.788872557527878,
                    33.283607870924705,
                    -7.940377421165798
                ],
                "rot":[
                    [
                        0.9884759378674088,
                        0.11566193164496351,
                        -0.0976608305581195
                    ],
                    [
                        0.09725816679784277,
                        0.009133413784700787,
                        0.9952172776553675
                    ],
                    [
                        0.1160007295161067,
                        -0.9932466452602762,
                        -0.002220907683323498
                    ]
                ],
                "tran":[
                    -21.877165697168373,
                    -10.479553116403364,
                    -31.209520242921524
                ]
            },
            "D79":{
                "comB":[
                    20.182436405528676,
                    24.511954628337513,
                    -12.384381865642288
                ],
                "rot":[
                    [
                        0.48431064473521557,
                        0.8116106502931322,
                        0.32669764573213345
                    ],
                    [
                        -0.20045679478756256,
                        -0.26054063901755314,
                        0.9444234478473208
                    ],
                    [
                        0.8516221420440266,
                        -0.5228830918580977,
                        0.03651026471089415
                    ]
                ],
                "tran":[
                    5.685661121728402,
                    -16.46938179486005,
                    -29.29073852640558
                ]
            }
        },
        "D71":{
            "D71":{
                "comB":[
                    -15.95014583071073,
                    14.493364551880708,
                    3.3101666543322303
                ],
                "rot":[
                    [
                        0.9108114687931538,
                        -0.4124072451515569,
                        -0.018513034904127368
                    ],
                    [
                        0.4092840078384541,
                        0.8962368261299254,
                        0.17101506488099188
                    ],
                    [
                        -0.05393578814247697,
                        -0.16333957155282747,
                        0.9850944701511568
                    ]
                ],
                "tran":[
                    8.77406027367151,
                    -19.027069447966294,
                    -6.034546624661349
                ]
            }
        },
        "D76":{
            "D76":{
                "comB":[
                    -2.4396132042385497,
                    9.024566054765907,
                    19.4383490310525
                ],
                "rot":[
                    [
                        0.9016491465785791,
                        -0.4306887623719944,
                        0.039191918052068675
                    ],
                    [
                        0.4237665484931726,
                        0.8617836546778556,
                        -0.27883838492621926
                    ],
                    [
                        0.08631760453293269,
                        0.2680226156438272,
                        0.9595379870808338
                    ]
                ],
                "tran":[
                    -3.302070616692505,
                    -14.037304058287905,
                    -16.039718654057946
                ]
            }
        },
        "D14_j1_D14":{
            "D14":{
                "comB":[
                    26.191287422180174,
                    16.177925050258636,
                    4.071062475419604
                ],
                "rot":[
                    [
                        0.21872548514669893,
                        0.9001351785149785,
                        0.3767171651878224
                    ],
                    [
                        -0.9743755978147142,
                        0.18072337833262597,
                        0.13390763573172815
                    ],
                    [
                        0.05245337482526454,
                        -0.39635302562721886,
                        0.9165985612827405
                    ]
                ],
                "tran":[
                    9.821607413035869,
                    -24.886334460700002,
                    -15.764384453087352
                ]
            },
            "D14_j1_D14":{
                "comB":[
                    38.56016171580613,
                    16.582010124593673,
                    6.969656556807082
                ],
                "rot":[
                    [
                        0.5197253303721026,
                        0.7187668644044244,
                        0.46180057990851503
                    ],
                    [
                        -0.7952459388784026,
                        0.2094828760914948,
                        0.5689471164544595
                    ],
                    [
                        0.31220102124595456,
                        -0.6629412638074867,
                        0.6804699869019321
                    ]
                ],
                "tran":[
                    -9.02954632713106,
                    -26.568958639411683,
                    -31.9835865878813
                ]
            },
            "D14_j1_D18":{
                "comB":[
                    36.21956304601721,
                    25.940490855826987,
                    6.778121615081464
                ],
                "rot":[
                    [
                        0.1634370381766843,
                        0.9318625176862432,
                        0.3239144681601756
                    ],
                    [
                        -0.9614146631809717,
                        0.07679591409019504,
                        0.2641670550989845
                    ],
                    [
                        0.22129206938489995,
                        -0.3545908003748933,
                        0.9084575853152645
                    ]
                ],
                "tran":[
                    17.52009920800341,
                    -33.34030915093741,
                    -24.742488534918376
                ]
            },
            "D14_j5_D79":{
                "comB":[
                    40.03335480755925,
                    21.95063137678507,
                    5.325290320319883
                ],
                "rot":[
                    [
                        0.3312183716070765,
                        0.835987876024308,
                        0.4375141842847183
                    ],
                    [
                        -0.8832263669751146,
                        0.11155635035298073,
                        0.4554847586647257
                    ],
                    [
                        0.331972250331104,
                        -0.5372889835426452,
                        0.7753160472825348
                    ]
                ],
                "tran":[
                    4.359272829415672,
                    -33.05467799291313,
                    -31.642215362950232
                ]
            },
            "D14_j4_D79":{
                "comB":[
                    41.78341561684877,
                    17.197848484629677,
                    -2.6539350297479403
                ],
                "rot":[
                    [
                        0.7583488003472618,
                        0.48228497347773314,
                        0.438529704090214
                    ],
                    [
                        -0.6125782389883128,
                        0.2973006876325109,
                        0.7323661667849036
                    ],
                    [
                        0.2228340147505439,
                        -0.8240227578719042,
                        0.5208948995520458
                    ]
                ],
                "tran":[
                    -20.56038612349992,
                    -27.451300884354048,
                    -29.53556807906141
                ]
            },
            "D14_j1_D76":{
                "comB":[
                    37.790811906946765,
                    17.06806437331851,
                    8.47912376462528
                ],
                "rot":[
                    [
                        0.4465236213750357,
                        0.7622194464187202,
                        0.4686557063082276
                    ],
                    [
                        -0.8422655481651485,
                        0.18127166657104815,
                        0.5076704928126279
                    ],
                    [
                        0.3020023210642364,
                        -0.6214194222903672,
                        0.7229332608699914
                    ]
                ],
                "tran":[
                    -5.058951606724659,
                    -26.62949295022432,
                    -32.50581835320127
                ]
            },
            "D14_j2_D14":{
                "comB":[
                    35.9748273320223,
                    9.15129843627283,
                    3.0583926633156406
                ],
                "rot":[
                    [
                        0.45850244378468474,
                        -0.7877013013926507,
                        -0.41146344774207566
                    ],
                    [
                        0.22051850609246457,
                        -0.34767519480225084,
                        0.9113141869794215
                    ],
                    [
                        -0.8608990054090079,
                        -0.5085750865934555,
                        0.014292787770049706
                    ]
                ],
                "tran":[
                    -15.879198505137449,
                    33.0741196635645,
                    6.419156471939438
                ]
            },
            "D14_j3_D54":{
                "comB":[
                    32.23249997149457,
                    25.294247307620207,
                    0.5579780232120346
                ],
                "rot":[
                    [
                        0.9713448029869236,
                        0.04273524410246393,
                        0.23380113905153985
                    ],
                    [
                        -0.23766754544339128,
                        0.18229258717864513,
                        0.9540878106875856
                    ],
                    [
                        -0.001847039038100018,
                        -0.9823151793448065,
                        0.1872257377487745
                    ]
                ],
                "tran":[
                    -25.295881587746482,
                    -5.440286152782241,
                    -31.773685702735264
                ]
            },
            "D14_j2_D54":{
                "comB":[
                    37.3251857861795,
                    22.545453571882405,
                    8.285901632821544
                ],
                "rot":[
                    [
                        0.2757549370445215,
                        0.8479492046112183,
                        0.45270449643754807
                    ],
                    [
                        -0.9364549254086413,
                        0.13075446493913578,
                        0.32550797621007116
                    ],
                    [
                        0.21682109531470484,
                        -0.5136977869308781,
                        0.8301223984020967
                    ]
                ],
                "tran":[
                    9.023504892289838,
                    -30.3411104114272,
                    -31.114121634596852
                ]
            },
            "D14_j1_D54":{
                "comB":[
                    36.06872574942452,
                    23.47460568836757,
                    7.957234270317214
                ],
                "rot":[
                    [
                        0.40764346847350535,
                        0.7901524919565817,
                        0.4576962333968825
                    ],
                    [
                        -0.8669504264464416,
                        0.1774975457091535,
                        0.4657162004392378
                    ],
                    [
                        0.2867468582133442,
                        -0.5866461119977102,
                        0.7573787550378909
                    ]
                ],
                "tran":[
                    3.366171834495635,
                    -27.99864132269954,
                    -33.46816630069567
                ]
            },
            "D14_j1_D81":{
                "comB":[
                    35.93456260057596,
                    28.796269348034492,
                    4.95728844210792
                ],
                "rot":[
                    [
                        0.3032199625982582,
                        0.8686119405301718,
                        0.3918812971427965
                    ],
                    [
                        -0.8883066305468079,
                        0.10879859480833615,
                        0.44617731441021174
                    ],
                    [
                        0.34491880842959,
                        -0.4834006232268855,
                        0.8045836519936073
                    ]
                ],
                "tran":[
                    12.973671710275415,
                    -31.94985424145814,
                    -30.91862715790726
                ]
            },
            "D14_j2_D71":{
                "comB":[
                    32.10514291451902,
                    27.481704033150965,
                    -2.930357183158702
                ],
                "rot":[
                    [
                        0.44981590745196454,
                        0.8032932716944883,
                        0.3903659424867001
                    ],
                    [
                        -0.8379229840984153,
                        0.22829494018078786,
                        0.4957484170498755
                    ],
                    [
                        0.30911279838074057,
                        -0.5500921195020108,
                        0.7757885910085383
                    ]
                ],
                "tran":[
                    9.492134457421544,
                    -33.675321093260365,
                    -23.88344063923272
                ]
            },
            "D14_j1_D79":{
                "comB":[
                    41.05266519629437,
                    22.40141734454943,
                    2.3075782434124013
                ],
                "rot":[
                    [
                        0.2723591253899413,
                        0.8983979982326752,
                        0.3445309036767934
                    ],
                    [
                        -0.9122479630722427,
                        0.12723344065267736,
                        0.38937810088681946
                    ],
                    [
                        0.30598065410638475,
                        -0.4203482940981243,
                        0.854214932532454
                    ]
                ],
                "tran":[
                    8.548773054914852,
                    -38.76201563999765,
                    -24.83779195679368
                ]
            },
            "D14_j2_D79":{
                "comB":[
                    32.64080681207354,
                    28.412180219085432,
                    2.8756652635686066
                ],
                "rot":[
                    [
                        0.38250883455028906,
                        0.8415782798489011,
                        0.3813567757068741
                    ],
                    [
                        -0.8705714996656465,
                        0.19001753172466695,
                        0.45387068820003296
                    ],
                    [
                        0.3095032398229227,
                        -0.5056078881147219,
                        0.8053374497782184
                    ]
                ],
                "tran":[
                    11.35902776227535,
                    -31.414682884700095,
                    -27.65869496028673
                ]
            }
        },
        "D14_j1_D18":{
            "D18_j1_D14":{
                "comB":[
                    -31.512847934450424,
                    11.73878806671514,
                    9.852566839560591
                ],
                "rot":[
                    [
                        0.8889223552639782,
                        -0.05455511612884131,
                        -0.45479752155889086
                    ],
                    [
                        -0.445810189248483,
                        -0.3311050042039124,
                        -0.8316385941942316
                    ],
                    [
                        -0.10521559520419262,
                        0.942015507035471,
                        -0.3186478668225026
                    ]
                ],
                "tran":[
                    34.28196506499671,
                    -7.1132101044428655,
                    -1.4304322982782387
                ]
            },
            "D18":{
                "comB":[
                    -21.534916617472966,
                    10.300099947303533,
                    12.390216680926581
                ],
                "rot":[
                    [
                        0.7891551782621777,
                        -0.33461643542672237,
                        -0.5150397516350601
                    ],
                    [
                        -0.5471682378265798,
                        -0.7639386343625747,
                        -0.3420594720834365
                    ],
                    [
                        -0.2790000432540216,
                        0.5517513969810659,
                        -0.7859576145020137
                    ]
                ],
                "tran":[
                    26.087404877300155,
                    -6.1737667634375635,
                    2.170222865936692
                ]
            }
        },
        "D14_j4_D79":{
            "D79_j1_D54":{
                "comB":[
                    -1.6230883654466894,
                    38.006037148763966,
                    9.767083688535143
                ],
                "rot":[
                    [
                        0.6374624013563779,
                        -0.641309455787866,
                        -0.42704082799426907
                    ],
                    [
                        0.7492964975164711,
                        0.38692513950334284,
                        0.537441806365924
                    ],
                    [
                        -0.17943368041287266,
                        -0.6625791411879715,
                        0.727181157618995
                    ]
                ],
                "tran":[
                    -25.690569700995567,
                    -9.274790726380846,
                    -28.221313890497505
                ]
            },
            "D79_j2_D14":{
                "comB":[
                    2.2103186095608214,
                    38.71632831236895,
                    10.83170096713173
                ],
                "rot":[
                    [
                        0.6106424321681334,
                        -0.6749183021849336,
                        -0.41424763778637574
                    ],
                    [
                        0.7622641114812982,
                        0.3591708206362255,
                        0.5384698189788605
                    ],
                    [
                        -0.21463747199269073,
                        -0.6445786274608446,
                        0.7337909434145943
                    ]
                ],
                "tran":[
                    -28.53717890867348,
                    -5.432070166489003,
                    -27.88023676577775
                ]
            },
            "D79":{
                "comB":[
                    2.2844090915539046,
                    34.82645449204878,
                    1.7924091042442756
                ],
                "rot":[
                    [
                        0.9780934590281504,
                        0.16487435997951855,
                        -0.1270811977740699
                    ],
                    [
                        0.007100079131427954,
                        0.5837015388664772,
                        0.8119372527487785
                    ],
                    [
                        0.20804512559220315,
                        -0.7950528026151786,
                        0.5697440361873689
                    ]
                ],
                "tran":[
                    -2.854740093133698,
                    -19.279751032532968,
                    -29.007476754155007
                ]
            }
        },
        "D18":{
            "D18_j1_D14":{
                "comB":[
                    -24.080350282554804,
                    9.485949265695508,
                    7.167041503837169
                ],
                "rot":[
                    [
                        0.9343064088286969,
                        -0.28787460485807986,
                        0.2102373570501404
                    ],
                    [
                        -0.14729640724618898,
                        0.22529856296744621,
                        0.9630910268179056
                    ],
                    [
                        -0.3246156232130375,
                        -0.9307893260038,
                        0.16809499624736918
                    ]
                ],
                "tran":[
                    26.221828391705795,
                    -2.3978176557398045,
                    -5.278370871025111
                ]
            },
            "D18":{
                "comB":[
                    -16.984758325417836,
                    4.650641645786042,
                    1.306958341319114
                ],
                "rot":[
                    [
                        0.9855508397301959,
                        -0.11304842766308693,
                        0.12613324426974395
                    ],
                    [
                        0.0065380770554292755,
                        0.7695121311699928,
                        0.638598726533833
                    ],
                    [
                        -0.1692536435516953,
                        -0.6285468423157661,
                        0.7591324463882148
                    ]
                ],
                "tran":[
                    16.930404900243033,
                    -4.677533060355756,
                    -1.8195682976059402
                ]
            }
        },
        "D14_j2_D14":{
            "D14":{
                "comB":[
                    2.2760624759830534,
                    -3.3231000247062186,
                    -32.633300042152406
                ],
                "rot":[
                    [
                        -0.38416433606915246,
                        0.1395352609604203,
                        -0.912659670326927
                    ],
                    [
                        0.8628863349844355,
                        0.40586876444743053,
                        -0.3011606198410484
                    ],
                    [
                        0.328397527076066,
                        -0.9032167275879157,
                        -0.27632337435638804
                    ]
                ],
                "tran":[
                    14.45896742092156,
                    -28.444220992848166,
                    -7.940656397886327
                ]
            },
            "D14_j1_D14":{
                "comB":[
                    -3.9937828316945923,
                    0.6652525073914516,
                    -42.94517180895564
                ],
                "rot":[
                    [
                        -0.6623501061627033,
                        0.4454555653426067,
