{
    "singlesData":{
        "D14":{
            "linkCount":14,
            "radii":{
                "avgAll":11.352700624561644,
                "maxCA":16.939441265802444,
                "maxHeavy":21.710456707135414
            }
        },
        "D54_j1_D79":{
            "linkCount":3,
            "radii":{
                "avgAll":16.170355049685853,
                "maxCA":26.641706566371088,
                "maxHeavy":28.327803289286805
            }
        },
        "D71":{
            "linkCount":1,
            "radii":{
                "avgAll":16.855603391453595,
                "maxCA":31.757870604162491,
                "maxHeavy":32.415428588336241
            }
        },
        "D76":{
            "linkCount":1,
            "radii":{
                "avgAll":16.30164574086723,
                "maxCA":29.883471802909323,
                "maxHeavy":32.420983911451565
            }
        },
        "D14_j1_D14":{
            "linkCount":14,
            "radii":{
                "avgAll":11.352700624561644,
                "maxCA":16.939441265802444,
                "maxHeavy":21.710456707135414
            }
        },
        "D14_j1_D18":{
            "linkCount":2,
            "radii":{
                "avgAll":11.352700624561644,
                "maxCA":16.939441265802444,
                "maxHeavy":21.710456707135414
            }
        },
        "D14_j4_D79":{
            "linkCount":3,
            "radii":{
                "avgAll":11.352700624561644,
                "maxCA":16.939441265802444,
                "maxHeavy":21.710456707135414
            }
        },
        "D18":{
            "linkCount":2,
            "radii":{
                "avgAll":16.94985041348016,
                "maxCA":28.587015944232462,
                "maxHeavy":30.117416503364286
            }
        },
        "D14_j2_D14":{
            "linkCount":13,
            "radii":{
                "avgAll":11.352700624561644,
                "maxCA":16.939441265802444,
                "maxHeavy":21.710456707135414
            }
        },
        "D14_j2_D79":{
            "linkCount":3,
            "radii":{
                "avgAll":11.352700624561644,
                "maxCA":16.939441265802444,
                "maxHeavy":21.710456707135414
            }
        },
        "D53":{
            "linkCount":3,
            "radii":{
                "avgAll":12.063377704231348,
                "maxCA":22.152728902807436,
                "maxHeavy":25.397420427990575
            }
        },
        "D54":{
            "linkCount":2,
            "radii":{
                "avgAll":16.170355049685853,
                "maxCA":26.641706566371088,
                "maxHeavy":28.327803289286805
            }
        },
        "D14_j2_D71":{
            "linkCount":1,
            "radii":{
                "avgAll":11.352700624561644,
                "maxCA":16.939441265802444,
                "maxHeavy":21.710456707135414
            }
        },
        "D14_j2_D54":{
            "linkCount":2,
            "radii":{
                "avgAll":11.352700624561644,
                "maxCA":16.939441265802444,
                "maxHeavy":21.710456707135414
            }
        },
        "D53_j1_D79":{
            "linkCount":3,
            "radii":{
                "avgAll":12.063377704231348,
                "maxCA":22.152728902807436,
                "maxHeavy":25.397420427990575
            }
        },
        "D79_j2_D14":{
            "linkCount":12,
            "radii":{
                "avgAll":17.554740027730631,
                "maxCA":31.698495558571008,
                "maxHeavy":33.686729373766177
            }
        },
        "D53_j1_D4":{
            "linkCount":2,
            "radii":{
                "avgAll":12.063377704231348,
                "maxCA":22.152728902807436,
                "maxHeavy":25.397420427990575
            }
        },
        "D79_j1_D54":{
            "linkCount":2,
            "radii":{
                "avgAll":17.554740027730631,
                "maxCA":31.698495558571008,
                "maxHeavy":33.686729373766177
            }
        },
        "D79":{
            "linkCount":3,
            "radii":{
                "avgAll":17.554740027730631,
                "maxCA":31.698495558571008,
                "maxHeavy":33.686729373766177
            }
        },
        "D8":{
            "linkCount":1,
            "radii":{
                "avgAll":11.917684108667196,
                "maxCA":22.333281841372312,
                "maxHeavy":24.017997955764315
            }
        },
        "D49_j1_D81":{
            "linkCount":1,
            "radii":{
                "avgAll":11.288166881226591,
                "maxCA":17.923917899428325,
                "maxHeavy":20.512417171408021
            }
        },
        "D49":{
            "linkCount":4,
            "radii":{
                "avgAll":11.288166881226591,
                "maxCA":17.923917899428325,
                "maxHeavy":20.512417171408021
            }
        },
        "D14_j3_D54":{
            "linkCount":2,
            "radii":{
                "avgAll":11.352700624561644,
                "maxCA":16.939441265802444,
                "maxHeavy":21.710456707135414
            }
        },
        "D14_j1_D54":{
            "linkCount":2,
            "radii":{
                "avgAll":11.352700624561644,
                "maxCA":16.939441265802444,
                "maxHeavy":21.710456707135414
            }
        },
        "D64":{
            "linkCount":1,
            "radii":{
                "avgAll":16.679445297985001,
                "maxCA":30.215376352539664,
                "maxHeavy":30.975669405282776
            }
        },
        "D14_j1_D81":{
            "linkCount":1,
            "radii":{
                "avgAll":11.352700624561644,
                "maxCA":16.939441265802444,
                "maxHeavy":21.710456707135414
            }
        },
        "D49_j1_D79":{
            "linkCount":3,
            "radii":{
                "avgAll":11.288166881226591,
                "maxCA":17.923917899428325,
                "maxHeavy":20.512417171408021
            }
        },
        "D14_j5_D79":{
            "linkCount":3,
            "radii":{
                "avgAll":11.352700624561644,
                "maxCA":16.939441265802444,
                "maxHeavy":21.710456707135414
            }
        },
        "D81":{
            "linkCount":1,
            "radii":{
                "avgAll":17.624824908672014,
                "maxCA":31.294363078291408,
                "maxHeavy":33.998772982555352
            }
        },
        "D49_j1_D14":{
            "linkCount":13,
            "radii":{
                "avgAll":11.288166881226591,
                "maxCA":17.923917899428325,
                "maxHeavy":20.512417171408021
            }
        },
        "D14_j1_D76":{
            "linkCount":1,
            "radii":{
                "avgAll":11.352700624561644,
                "maxCA":16.939441265802444,
                "maxHeavy":21.710456707135414
            }
        },
        "D4_j1_D64":{
            "linkCount":1,
            "radii":{
                "avgAll":12.46971426714968,
                "maxCA":19.768607135975099,
                "maxHeavy":21.037641655841583
            }
        },
        "D18_j1_D14":{
            "linkCount":13,
            "radii":{
                "avgAll":16.94985041348016,
                "maxCA":28.587015944232462,
                "maxHeavy":30.117416503364286
            }
        },
        "D4":{
            "linkCount":2,
            "radii":{
                "avgAll":12.46971426714968,
                "maxCA":19.768607135975099,
                "maxHeavy":21.037641655841583
            }
        },
        "D14_j1_D79":{
            "linkCount":3,
            "radii":{
                "avgAll":11.352700624561644,
                "maxCA":16.939441265802444,
                "maxHeavy":21.710456707135414
            }
        }
    },
    "complexity":208299687837696,
    "pairsData":{
        "D14":{
            "D14":{
                "comB":[
                    -6.600679099131298,
                    17.00374039395879,
                    8.302624900176593
                ],
                "rot":[
                    [
                        0.9585721766587612,
                        0.25291340951543984,
                        -0.1310503316400271
                    ],
                    [
                        -0.26015773277643117,
                        0.964687284848049,
                        -0.04118733457176921
                    ],
                    [
                        0.11600575939285462,
                        0.07357479011030216,
                        0.9905197696401178
                    ]
                ],
                "tran":[
                    9.787729574592607,
                    -15.344755781225663,
                    -8.38859654394429
                ]
            },
            "D14_j1_D14":{
                "comB":[
                    -5.876264991670518,
                    24.65810075033637,
                    18.036764602064085
                ],
                "rot":[
                    [
                        0.8302221152608547,
                        0.17499818882505142,
                        -0.5292512382977904
                    ],
                    [
                        -0.20698918024547286,
                        0.9783424872180447,
                        -0.0012070481834058344
                    ],
                    [
                        0.5175777415935697,
                        0.11055139805520955,
                        0.8484643008370701
                    ]
                ],
                "tran":[
                    0.6471373235492317,
                    -25.089721430709695,
                    -18.38380787514377
                ]
            },
            "D14_j1_D18":{
                "comB":[
                    -13.489678468229771,
                    26.75110771256493,
                    16.271132158579356
                ],
                "rot":[
                    [
                        0.9097424274935492,
                        0.2295382596899695,
                        -0.34594927801145164
                    ],
                    [
                        -0.2560442476937443,
                        0.9661255313269137,
                        -0.032292428543440735
                    ],
                    [
                        0.32681808218195163,
                        0.11795611496140845,
                        0.9376973371520909
                    ]
                ],
                "tran":[
                    13.803899878036852,
                    -24.66781036846023,
                    -19.060283589974443
                ]
            },
            "D14_j5_D79":{
                "comB":[
                    -26.008476715616297,
                    22.621184155162933,
                    22.436633202898708
                ],
                "rot":[
                    [
                        0.7123760875006802,
                        -0.41386094458434686,
                        -0.5667798765878826
                    ],
                    [
                        0.05687137909483292,
                        0.8389985312129022,
                        -0.5411535002773658
                    ],
                    [
                        0.6994897827681794,
                        0.353271260040136,
                        0.6212193337562667
                    ]
                ],
                "tran":[
                    1.5471232597160407,
                    -37.66925070384962,
                    -16.437618567168972
                ]
            },
            "D14_j4_D79":{
                "comB":[
                    -1.1651527524553746,
                    32.81954555682067,
                    12.72703605624659
                ],
                "rot":[
                    [
                        0.8230398982265137,
                        0.11468554364042613,
                        -0.5562845962339694
                    ],
                    [
                        -0.10888778920123549,
                        0.9930957853982593,
                        0.04363725916097483
                    ],
                    [
                        0.5574484507917822,
                        0.02465739451188624,
                        0.8298453094437099
                    ]
                ],
                "tran":[
                    -2.5620515716551644,
                    -32.77314174333115,
                    -12.641782717856147
                ]
            },
            "D14_j1_D76":{
                "comB":[
                    -6.7411671997330656,
                    23.147638796611346,
                    19.204740057525633
                ],
                "rot":[
                    [
                        0.7705075754647837,
                        0.23385453741828854,
                        -0.5929840904107463
                    ],
                    [
                        -0.2865604178559877,
                        0.9580465290886506,
                        0.005474944693005086
                    ],
                    [
                        0.5693866902813799,
                        0.16570728236884474,
                        0.8051955622706508
                    ]
                ],
                "tran":[
                    0.8923940617367052,
                    -23.78242775207103,
                    -19.587708411306632
                ]
            },
            "D14_j2_D14":{
                "comB":[
                    -0.24472140379442622,
                    28.110560553287726,
                    11.54083129218187
                ],
                "rot":[
                    [
                        -0.1197154205431136,
                        0.8011651098229566,
                        -0.5863468980787366
                    ],
                    [
                        0.21458196745028654,
                        -0.5557543408519006,
                        -0.803176003046302
                    ],
                    [
                        -0.9693414245400582,
                        -0.2219720239729333,
                        -0.10538322088458849
                    ]
                ],
                "tran":[
                    5.125689529713978,
                    18.38036998187261,
                    23.65044600582811
                ]
            },
            "D14_j3_D54":{
                "comB":[
                    -13.447891244111226,
                    27.337778878538536,
                    8.40472910153359
                ],
                "rot":[
                    [
                        0.4202638748742491,
                        0.0833194348051734,
                        -0.9035685625670187
                    ],
                    [
                        0.7095007386226506,
                        0.5905926800699425,
                        0.3844593452391507
                    ],
                    [
                        0.5656739143442944,
                        -0.8026569366993281,
                        0.18908956766266935
                    ]
                ],
                "tran":[
                    -18.498847433356037,
                    -8.278907282830092,
                    -24.25060292106564
                ]
            },
            "D14_j2_D54":{
                "comB":[
                    -11.535917938990545,
                    25.513820509242155,
                    17.951042891149008
                ],
                "rot":[
                    [
                        0.88372217773706,
                        0.21815728112885482,
                        -0.4140561716314996
                    ],
                    [
                        -0.23795899582905966,
                        0.9712675196095119,
                        0.0038628558881154892
                    ],
                    [
                        0.40300202093748083,
                        0.0951146994005268,
                        0.9102431351448101
                    ]
                ],
                "tran":[
                    9.03148306831441,
                    -23.97150871739578,
                    -21.214887790214473
                ]
            },
            "D14_j1_D54":{
                "comB":[
                    -10.002073300716441,
                    28.046021457502317,
                    15.797272482642912
                ],
                "rot":[
                    [
                        0.6432302361458938,
                        0.4917756845976079,
                        -0.5868658614592022
                    ],
                    [
                        -0.5437051918888759,
                        0.8330383068606082,
                        0.10213639711626801
                    ],
                    [
                        0.5391099401984522,
                        0.2533847969815181,
                        0.8032164198009505
                    ]
                ],
                "tran":[
                    13.16593682602291,
                    -22.447422465154922,
                    -21.423023595246374
                ]
            },
            "D14_j1_D81":{
                "comB":[
                    -16.429887307865393,
                    29.229139932055734,
                    13.444402827346831
                ],
                "rot":[
                    [
                        0.8445630089977623,
                        0.15596282793232213,
                        -0.512239123980196
                    ],
                    [
                        -0.1634137917216707,
                        0.9860766507071345,
                        0.030802136376329406
                    ],
                    [
                        0.5099110280311577,
                        0.05769259253623871,
                        0.8582903403037079
                    ]
                ],
                "tran":[
                    11.79707038032804,
                    -27.035363174318775,
                    -20.855552113887956
                ]
            },
            "D14_j2_D71":{
                "comB":[
                    -14.442483936135865,
                    29.772025547989088,
                    5.017368225324514
                ],
                "rot":[
                    [
                        0.8275854963333922,
                        0.1842259108906961,
                        -0.5302481117506279
                    ],
                    [
                        -0.1808872659946837,
                        0.9817462605544136,
                        0.058771395154400635
                    ],
                    [
                        0.5313963146838541,
                        0.047276777004353954,
                        0.8458030876607743
                    ]
                ],
                "tran":[
                    14.671559556724345,
                    -26.80509999094729,
                    -13.651548851063124
                ]
            },
            "D14_j1_D79":{
                "comB":[
                    -25.932069121673752,
                    26.83164719303111,
                    10.488506630466063
                ],
                "rot":[
                    [
                        0.5102985859647923,
                        -0.5457379740121131,
                        -0.6646543589592164
                    ],
                    [
                        0.37412206992931263,
                        0.8367662635056328,
                        -0.39981858017184335
                    ],
                    [
                        0.7743565263844167,
                        -0.04463500845721961,
                        0.6311732615264085
                    ]
                ],
                "tran":[
                    -4.927056744866094,
                    -36.13577744766391,
                    -13.128136632655252
                ]
            },
            "D14_j2_D79":{
                "comB":[
                    -17.37860745090212,
                    26.261020893498912,
                    9.628213111978203
                ],
                "rot":[
                    [
                        0.7922071368565856,
                        0.1581742521149077,
                        -0.5893969445809689
                    ],
                    [
                        -0.17100494332359917,
                        0.9846692996431315,
                        0.03440464647686328
                    ],
                    [
                        0.5858030058580995,
                        0.07353418462317193,
                        0.807110625639027
                    ]
                ],
                "tran":[
                    12.61798505870712,
                    -23.81757561533766,
                    -18.91743238119073
                ]
            }
        },
        "D54_j1_D79":{
            "D79_j1_D54":{
                "comB":[
                    13.164393160043762,
                    30.341181439766242,
                    -22.79069371241375
                ],
                "rot":[
                    [
                        0.8245287018271974,
                        0.22071843726390905,
                        -0.5209950012379528
                    ],
                    [
                        0.5650643018300581,
                        -0.36878439871202023,
                        0.7380382117911803
                    ],
                    [
                        -0.0292361875159073,
                        -0.9029293652985221,
                        -0.4287934311776976
                    ]
                ],
                "tran":[
                    -28.66545150454809,
                    -12.294656540798831,
                    -25.306868018588812
                ]
            },
            "D79_j2_D14":{
                "comB":[
                    15.982022867505366,
                    30.981873466124583,
                    -19.814439439558843
                ],
                "rot":[
                    [
                        0.9595158334877658,
                        0.13913455968859006,
                        -0.24488964777331818
                    ],
                    [
                        0.2796658566236896,
                        -0.3675007513088409,
                        0.8869781318760764
                    ],
                    [
                        0.03341218228753405,
                        -0.9195568346152941,
                        -0.39153397552075225
                    ]
                ],
                "tran":[
                    -23.337532512765584,
                    -9.058293149564255,
                    -31.3244385447613
                ]
            },
            "D79":{
                "comB":[
                    17.58217566837176,
                    20.755152698885535,
                    -21.075633699353382
                ],
                "rot":[
                    [
                        0.6529778329245586,
                        0.7570407047025414,
                        0.022568144199891726
                    ],
                    [
                        0.5542760580120561,
                        -0.4979673283330676,
                        0.6669382215973552
                    ],
                    [
                        0.5161375797437767,
                        -0.42298689262943634,
                        -0.7447711644793522
                    ]
                ],
                "tran":[
                    -12.106928618258223,
                    -11.889751528264867,
                    -29.9357259582156
                ]
            }
        },
        "D71":{
            "D71":{
                "comB":[
                    -16.794385371951744,
                    13.86701949899976,
                    2.32694204380664
                ],
                "rot":[
                    [
                        0.9282499165134193,
                        -0.3595919995089541,
                        -0.09510881337700999
                    ],
                    [
                        0.3712785960682435,
                        0.9111922901536683,
                        0.17855199373321845
                    ],
                    [
                        0.022456549031957262,
                        -0.20105273998049714,
                        0.9793229799978709
                    ]
                ],
                "tran":[
                    10.388604200067542,
                    -18.206809797640076,
                    -6.352105859429423
                ]
            }
        },
        "D76":{
            "D76":{
                "comB":[
                    0.3131472070083814,
                    10.519909668064262,
                    19.171257123030347
                ],
                "rot":[
                    [
                        0.9512742084986904,
                        -0.28984342830661747,
                        0.10520535781345691
                    ],
                    [
                        0.3082654087225038,
                        0.8861472320752745,
                        -0.3459993076156038
                    ],
                    [
                        0.007058188885138927,
                        0.36157139011929074,
                        0.9323177096981827
                    ]
                ],
                "tran":[
                    -3.6761274689800394,
                    -16.163203262301558,
                    -14.266765835611299
                ]
            }
        },
        "D14_j1_D14":{
            "D14":{
                "comB":[
                    22.240704241393424,
                    26.885957891594245,
                    6.7767903096359445
                ],
                "rot":[
                    [
                        0.6058315362357073,
                        0.7549649767422576,
                        0.25099010656766063
                    ],
                    [
                        -0.7918089484950299,
                        0.6028918865265233,
                        0.09777505941540346
                    ],
                    [
                        -0.07750315339054711,
                        -0.2579714268151658,
                        0.9630389421832686
                    ]
                ],
                "tran":[
                    8.339644648760789,
                    -31.25206036926696,
                    -14.737285829167444
                ]
            },
            "D14_j1_D14":{
                "comB":[
                    25.34728898177131,
                    20.4293217947945,
                    -1.0318187226353934
                ],
                "rot":[
                    [
                        0.4297839941255551,
                        0.5145196514711784,
                        -0.7419941014883232
                    ],
                    [
                        0.7515154923454026,
                        0.2516799308525698,
                        0.6098210206043193
                    ],
                    [
                        0.5005099231367274,
                        -0.8197113764344278,
                        -0.27850148327368573
                    ]
                ],
                "tran":[
                    -25.730375416180706,
                    -19.02912213468125,
                    6.061946001315136
                ]
            },
            "D14_j1_D18":{
                "comB":[
                    33.25140710586738,
                    33.33059358438563,
                    14.364749493259916
                ],
                "rot":[
                    [
                        0.26631625365868217,
                        0.9617108039991081,
                        -0.06471462360698235
                    ],
                    [
                        -0.8860195577814846,
                        0.2706861872170023,
                        0.3764283879818622
                    ],
                    [
                        0.3795326023754819,
                        -0.042910575867852185,
                        0.9241827125697506
                    ]
                ],
                "tran":[
                    15.224276861268642,
                    -40.38396908396897,
                    -23.670382470256037
                ]
            },
            "D14_j5_D79":{
                "comB":[
                    7.705267054645569,
                    48.61146483897729,
                    11.619661436090118
                ],
                "rot":[
                    [
                        -0.7893598927120278,
                        0.2289117065596167,
                        -0.5696581346541274
                    ],
                    [
                        0.004997415954871909,
                        0.9302516916915968,
                        0.3668880155288495
                    ],
                    [
                        0.6139104051988609,
                        0.28675986592423786,
                        -0.7354473425634797
                    ]
                ],
                "tran":[
                    -1.2941339949071107,
                    -50.316775788539964,
                    -4.899946684701707
                ]
            },
            "D14_j4_D79":{
                "comB":[
                    46.24600583778474,
                    14.0570069669201,
                    32.46324710009552
                ],
                "rot":[
                    [
                        -0.2787486830918853,
                        0.9453023188175285,
                        -0.16941870532129202
                    ],
                    [
                        -0.24941165335770699,
                        0.09910073399401782,
                        0.9633134856791018
                    ],
                    [
                        0.927411989810308,
                        0.31077736494160857,
                        0.20814521516488238
                    ]
                ],
                "tran":[
                    -13.709810014380821,
                    -55.19835865390367,
                    -12.46343549680092
                ]
            },
            "D14_j1_D76":{
                "comB":[
                    36.07178261125576,
                    30.80949228499924,
                    16.935562430308757
                ],
                "rot":[
                    [
                        0.12758267777928664,
                        0.956167232177736,
                        -0.2635657118068141
                    ],
                    [
                        -0.24720573472058383,
                        0.288006667108882,
                        0.9251710568441326
                    ],
                    [
                        0.9605269309352669,
                        -0.05288084540170977,
                        0.27311468495428304
                    ]
                ],
                "tran":[
                    -13.252915245982019,
                    -42.46842886877268,
                    -23.622116275744972
                ]
            },
            "D14_j2_D14":{
                "comB":[
                    36.105778787140174,
                    10.219995388047025,
                    14.738004395591117
                ],
                "rot":[
                    [
                        0.39497108362959826,
                        -0.5107018274706725,
                        -0.7636632022787118
                    ],
                    [
                        -0.05964381655992007,
                        -0.8437500981211872,
                        0.5334120237364863
                    ],
                    [
                        -0.9167553971712561,
                        -0.1651345370859842,
                        -0.3637170966819817
                    ]
                ],
                "tran":[
                    -0.14003396948758784,
                    29.49616285374421,
                    27.4816503964892
                ]
            },
            "D14_j3_D54":{
                "comB":[
                    45.748365543733776,
                    36.69870456366142,
                    32.44701770072668
                ],
                "rot":[
                    [
                        0.877727998685442,
                        0.47399617870544664,
                        0.07015114322862598
                    ],
                    [
                        -0.3358754909395127,
                        0.5042153924259217,
                        0.7955843717839831
                    ],
                    [
                        0.3417326658512324,
                        -0.7218687281032531,
                        0.601767666526544
                    ]
                ],
                "tran":[
                    -38.91663177745901,
                    -16.766114774471916,
                    -51.931782086812355
                ]
            },
            "D14_j2_D54":{
                "comB":[
                    21.720793229275966,
                    38.83273372486653,
                    2.9714359301142554
                ],
                "rot":[
                    [
                        0.5564263869711721,
                        0.6275294875930105,
                        -0.5446066636421755
                    ],
                    [
                        -0.09361477757803961,
                        0.6986179169078758,
                        0.709344260281505
                    ],
                    [
                        0.8256064130693402,
                        -0.3437146321827961,
                        0.44747547678305627
                    ]
                ],
                "tran":[
                    -10.903941328240322,
                    -39.73835578021178,
                    -17.04613275607477
                ]
            },
            "D14_j1_D54":{
                "comB":[
                    40.956434369461846,
                    33.980493703876284,
                    -7.852253772636691
                ],
                "rot":[
                    [
                        0.7261491125099203,
                        0.6866812889599144,
                        0.034296848155540155
                    ],
                    [
                        -0.3228354728918101,
                        0.2964988645923588,
                        0.898813484955674
                    ],
                    [
                        0.607029425846701,
                        -0.6637448536055037,
                        0.43698746603127236
                    ]
                ],
                "tran":[
                    -14.003820615761216,
                    -43.41108797630333,
                    -28.515466098318143
                ]
            },
            "D14_j1_D81":{
                "comB":[
                    21.899018345326873,
                    45.56121427135121,
                    17.14746148537462
                ],
                "rot":[
                    [
                        0.6344847308970022,
                        0.6676007572452662,
                        -0.38953607687107117
                    ],
                    [
                        -0.6104702604104126,
                        0.741940972515328,
                        0.2772177022800888
                    ],
                    [
                        0.4740835236675082,
                        0.06190979105566524,
                        0.8783006264135547
                    ]
                ],
                "tran":[
                    5.789844616163854,
                    -49.48512861342834,
                    -19.160543603835354
                ]
            },
            "D14_j2_D71":{
                "comB":[
                    47.202562533398066,
                    25.662556821525627,
                    37.14358117605931
                ],
                "rot":[
                    [
                        -0.4473128722560052,
                        0.8820016347624099,
                        -0.14827107132046718
                    ],
                    [
                        -0.7663923516688129,
                        -0.2925412684363742,
                        0.5718936698068832
                    ],
                    [
                        0.46103574440343503,
                        0.3694492151000912,
                        0.8068167820789902
                    ]
                ],
                "tran":[
                    23.657382499627637,
                    -47.84804730704398,
                    -37.64554392074962
                ]
            },
            "D14_j1_D79":{
                "comB":[
                    21.009458377292102,
                    66.12217471447214,
                    3.4887288422130056
                ],
                "rot":[
                    [
                        -0.13631455169695283,
                        0.5837022289012518,
                        -0.8004436588363795
                    ],
                    [
                        0.04531613700185327,
                        0.8108138869903957,
                        0.583547160382736
                    ],
                    [
                        0.9896286125223385,
                        0.043272955055508475,
                        -0.13697686168793577
                    ]
                ],
                "tran":[
                    -3.5850525117110568,
                    -66.02701278572265,
                    -21.290644431184543
                ]
            },
            "D14_j2_D79":{
                "comB":[
                    7.92565024719486,
                    44.25264281167824,
                    -6.703344494374977
                ],
                "rot":[
                    [
                        0.6012529258623105,
                        0.4334549163228279,
                        -0.6712762133858021
                    ],
                    [
                        -0.015161359014096432,
                        0.846120870580013,
                        0.5327753800259227
                    ],
                    [
                        0.7989149218376486,
                        -0.31015529639922473,
                        0.5153044146721936
                    ]
                ],
                "tran":[
                    1.2610117472775828,
                    -42.95757452450439,
                    -14.802155093566114
                ]
            }
        },
        "D14_j1_D18":{
            "D18_j1_D14":{
                "comB":[
                    -31.610938602843657,
                    11.588715372905579,
                    12.347649175870165
                ],
                "rot":[
                    [
                        0.8570484944971337,
                        -0.08636092053571925,
                        -0.5079465222682584
                    ],
                    [
                        -0.48661333074741514,
                        -0.45968482448078785,
                        -0.7428979260174127
                    ],
                    [
