{
    "stat":{
        "D14":14,
        "D54_j1_D79":3,
        "D71":1,
        "D76":1,
        "D14_j1_D14":14,
        "D14_j1_D18":2,
        "D14_j4_D79":3,
        "D18":2,
        "D14_j2_D14":14,
        "D14_j2_D79":3,
        "D53":3,
        "D54":2,
        "D14_j2_D71":1,
        "D14_j2_D54":2,
        "D53_j1_D79":3,
        "D79_j2_D14":14,
        "D53_j1_D4":2,
        "D79_j1_D54":2,
        "D79":3,
        "D8":1,
        "D49_j1_D81":1,
        "D49":4,
        "D14_j3_D54":2,
        "D14_j1_D54":2,
        "D64":1,
        "D14_j1_D81":1,
        "D49_j1_D79":3,
        "D14_j5_D79":3,
        "D81":1,
        "D49_j1_D14":14,
        "D14_j1_D76":1,
        "D4_j1_D64":1,
        "D18_j1_D14":14,
        "D4":2,
        "D14_j1_D79":3
    },
    "links":35,
    "complexity":303521499316224,
    "data":[
        {
            "pairName":"D14-D14",
            "comA":[
                0.0004750058054924011,
                -0.00048751303693279625,
                0.0002499978989362717
            ],
            "comB":[
                -31.14488742351532,
                -13.150912573188544,
                22.68842500448227
            ],
            "rot":[
                [
                    0.944454981833698,
                    0.18270480376608067,
                    -0.2731734649820642
                ],
                [
                    -0.18587974790174328,
                    0.9824663011712438,
                    0.014445981547821757
                ],
                [
                    0.271023073942964,
                    0.0371338355639938,
                    0.961856315489384
                ]
            ],
            "tran":[
                20.82180062081081,
                17.767670059592202,
                -30.140778744559242
            ]
        },
        {
            "pairName":"D14-D14_j1_D14",
            "comA":[
                0.0004750058054924011,
                -0.00048751303693279625,
                0.0002499978989362717
            ],
            "comB":[
                -28.993803053191215,
                -3.6209393883820136,
                30.819015221162275
            ],
            "rot":[
                [
                    0.7886984093545263,
                    0.1803544919868078,
                    -0.5877304452738698
                ],
                [
                    0.0340668378443601,
                    0.9417106626863001,
                    0.334694604590835
                ],
                [
                    0.6138357024814756,
                    -0.2839952200356723,
                    0.7365815944998648
                ]
            ],
            "tran":[
                4.0732081947878385,
                17.391468931863102,
                -38.528903953869126
            ]
        },
        {
            "pairName":"D14-D14_j1_D18",
            "comA":[
                0.0004750058054924011,
                -0.00048751303693279625,
                0.0002499978989362717
            ],
            "comB":[
                -38.21454507810576,
                -2.1598288199721694,
                28.381968554075772
            ],
            "rot":[
                [
                    0.8715196578955402,
                    0.2758087278734781,
                    -0.4054417732923612
                ],
                [
                    -0.293310359878609,
                    0.9558138324527188,
                    0.01972182749967817
                ],
                [
                    0.3929663073210245,
                    0.1017323120786095,
                    0.9139081015012502
                ]
            ],
            "tran":[
                21.518159415780598,
                9.716911209334203,
                -41.389883481393554
            ]
        },
        {
            "pairName":"D14-D14_j1_D54",
            "comA":[
                0.0004750058054924011,
                -0.00048751303693279625,
                0.0002499978989362717
            ],
            "comB":[
                -36.29921144757952,
                -3.632114249127252,
                29.669337141854424
            ],
            "rot":[
                [
                    0.831844253269313,
                    0.20819547079987913,
                    -0.5144801106371715
                ],
                [
                    -0.07714055734425825,
                    0.9613491831353702,
                    0.2643049044145303
                ],
                [
                    0.5496221181097394,
                    -0.180173233371035,
                    0.8157531080303586
                ]
            ],
            "tran":[
                13.607897779131179,
                16.39444130535785,
                -41.91856255566025
            ]
        },
        {
            "pairName":"D14-D14_j1_D76",
            "comA":[
                0.0004750058054924011,
                -0.00048751303693279625,
                0.0002499978989362717
            ],
            "comB":[
                -30.061594066053335,
                -4.681490113128825,
                31.73649005842681
            ],
            "rot":[
                [
                    0.8152956069757552,
                    0.20672130095003496,
                    -0.5408875825710556
                ],
                [
                    -0.04111126047298615,
                    0.9524106801490737,
                    0.3020327144537501
                ],
                [
                    0.5775837060620368,
                    -0.2240093749634227,
                    0.7849948168110022
                ]
            ],
            "tran":[
                5.986559965318067,
                17.782587127926266,
                -39.75909959772479
            ]
        },
        {
            "pairName":"D14-D14_j1_D79",
            "comA":[
                0.0004750058054924011,
                -0.00048751303693279625,
                0.0002499978989362717
            ],
            "comB":[
                -32.4275565188864,
                2.393191324012435,
                27.097169531946598
            ],
            "rot":[
                [
                    0.8321614841424454,
                    0.2382102439145074,
                    -0.5007625625024632
                ],
                [
                    -0.21577257534197633,
                    0.9709626556628492,
                    0.1033136827261403
                ],
                [
                    0.5108321251058254,
                    0.0220771601963971,
                    0.8593969623855605
                ]
            ],
            "tran":[
                13.659524027083695,
                4.802464992505471,
                -39.77305735383559
            ]
        },
        {
            "pairName":"D14-D14_j1_D81",
            "comA":[
                0.0004750058054924011,
                -0.00048751303693279625,
                0.0002499978989362717
            ],
            "comB":[
                -40.43159141907325,
                -0.6693269428797066,
                26.280721242611225
            ],
            "rot":[
                [
                    0.8076783115390082,
                    0.26448425827191807,
                    -0.526976111598856
                ],
                [
                    -0.19596123371199153,
                    0.9633551833855873,
                    0.18315563198055185
                ],
                [
                    0.5561069501018406,
                    -0.04466394262125167,
                    0.8299097494775889
                ]
            ],
            "tran":[
                17.909361625736096,
                12.512077475272717,
                -42.994284092789286
            ]
        },
        {
            "pairName":"D14-D14_j2_D14",
            "comA":[
                0.0004750058054924011,
                -0.00048751303693279625,
                0.0002499978989362717
            ],
            "comB":[
                -21.75355496504271,
                -6.986408360926581,
                27.151586407766292
            ],
            "rot":[
                [
                    0.15447173325043542,
                    0.24895940890176832,
                    -0.956115942940964
                ],
                [
                    0.8010842416119661,
                    -0.5979744246845345,
                    -0.02627975007836228
                ],
                [
                    -0.5782754719574297,
                    -0.7618699364999789,
                    -0.2918076050926882
                ]
            ],
            "tran":[
                24.65849225059553,
                21.92362275789962,
                -13.059259583003815
            ]
        },
        {
            "pairName":"D14-D14_j2_D54",
            "comA":[
                0.0004750058054924011,
                -0.00048751303693279625,
                0.0002499978989362717
            ],
            "comB":[
                -35.193748578347794,
                -3.0271256232196517,
                30.650131217768934
            ],
            "rot":[
                [
                    0.879798616001976,
                    0.24694000897712604,
                    -0.4061711797350775
                ],
                [
                    -0.1872103844001538,
                    0.9654191112740728,
                    0.18143376631577265
                ],
                [
                    0.43692867524775064,
                    -0.08358571381017431,
                    0.8956041319651724
                ]
            ],
            "tran":[
                17.004627339058118,
                14.175307855132393,
                -41.19565441630975
            ]
        },
        {
            "pairName":"D14-D14_j2_D71",
            "comA":[
                0.0004750058054924011,
                -0.00048751303693279625,
                0.0002499978989362717
            ],
            "comB":[
                -38.08852555800458,
                -1.3511122433202607,
                17.75707144427056
            ],
            "rot":[
                [
                    0.810223676642623,
                    0.15480233711798938,
                    -0.5653086150329919
                ],
                [
                    -0.03949411290138216,
                    0.9767187611631853,
                    0.2108570051906869
                ],
                [
                    0.5847886873511181,
                    -0.148514975725214,
                    0.7974744466949996
                ]
            ],
            "tran":[
                20.422901283986953,
                9.853470012930718,
                -35.407711529095955
            ]
        },
        {
            "pairName":"D14-D14_j2_D79",
            "comA":[
                0.0004750058054924011,
                -0.00048751303693279625,
                0.0002499978989362717
            ],
            "comB":[
                -40.391115892598556,
                -2.80136912013504,
                22.997072979871806
            ],
            "rot":[
                [
                    0.8222316253230924,
                    0.1882729412601608,
                    -0.537111211861933
                ],
                [
                    -0.10857114776094773,
                    0.978257916922588,
                    0.17670244438645757
                ],
                [
                    0.5587015842043197,
                    -0.08697555729931686,
                    0.8247956063413873
                ]
            ],
            "tran":[
                20.057792172023124,
                12.34514312101125,
                -40.16696020699834
            ]
        },
        {
            "pairName":"D14-D14_j3_D54",
            "comA":[
                0.0004750058054924011,
                -0.00048751303693279625,
                0.0002499978989362717
            ],
            "comB":[
                -36.98685717320704,
                -3.3779780482361605,
                21.16992870267931
            ],
            "rot":[
                [
                    0.480509115024476,
                    0.11148601082092999,
                    -0.8698746230173805
                ],
                [
                    0.7398140398978701,
                    0.48111189715987135,
                    0.4703259814014331
                ],
                [
                    0.47094179762300487,
                    -0.8695413801553464,
                    0.1486997358745072
                ]
            ],
            "tran":[
                10.30208690604868,
                24.15687053311608,
                -33.733404364550715
            ]
        },
        {
            "pairName":"D14-D14_j4_D79",
            "comA":[
                0.0004750058054924011,
                -0.00048751303693279625,
                0.0002499978989362717
            ],
            "comB":[
                -26.06870995249067,
                3.0519826781585233,
                23.726956783531808
            ],
            "rot":[
                [
                    0.7083496619346934,
                    0.07983918002484824,
                    -0.7013319198282404
                ],
                [
                    0.3370487806040705,
                    0.8347358062597473,
                    0.43544718766022417
                ],
                [
                    0.6201926119604415,
                    -0.5448319365463533,
                    0.5643751278970712
                ]
            ],
            "tran":[
                2.7214102716269597,
                12.460937511640909,
                -33.002277452174354
            ]
        },
        {
            "pairName":"D14-D14_j5_D79",
            "comA":[
                0.0004750058054924011,
                -0.00048751303693279625,
                0.0002499978989362717
            ],
            "comB":[
                -33.10906904194212,
                0.2005207053630308,
                29.350285686106176
            ],
            "rot":[
                [
                    0.8140296876093811,
                    0.26791500211839386,
                    -0.5153418470592841
                ],
                [
                    -0.16535825987023034,
                    0.9574435411516855,
                    0.2365555144138683
                ],
                [
                    0.5567874940974006,
                    -0.10734718043256374,
                    0.8236894252507526
                ]
            ],
            "tran":[
                10.642581765842163,
                11.829306061067635,
                -41.28553326344565
            ]
        },
        {
            "pairName":"D14_j1_D14-D14",
            "comA":[
                0.00028787844936655025,
                -1.5133283938271831e-05,
                0.0004495085214706834
            ],
            "comB":[
                16.31928750872612,
                -23.48207496404648,
                26.731062650680542
            ],
            "rot":[
                [
                    0.21872548887631732,
                    0.90013517741263,
                    0.37671716565634406
                ],
                [
                    -0.9743755970558073,
                    0.1807233822238471,
                    0.13390763600225622
                ],
                [
                    0.052453373370600874,
                    -0.3963530263564373,
                    0.9165985610506586
                ]
            ],
            "tran":[
                -27.851464274658145,
                0.14864888574359197,
                -27.504779124806745
            ]
        },
        {
            "pairName":"D14_j1_D14-D14_j1_D14",
            "comA":[
                0.00029798429647479393,
                -5.048365482703002e-05,
                0.00046970576607631616
            ],
            "comB":[
                -28.993803053191215,
                -3.6209393883820136,
                30.819015221162275
            ],
            "rot":[
                [
                    0.7886984093545263,
                    0.1803544919868078,
                    -0.5877304452738698
                ],
                [
                    0.0340668378443601,
                    0.9417106626863001,
                    0.334694604590835
                ],
                [
                    0.6138357024814756,
                    -0.2839952200356723,
                    0.7365815944998648
                ]
            ],
            "tran":[
                4.0732081947878385,
                17.391468931863102,
                -38.528903953869126
            ]
        },
        {
            "pairName":"D14_j1_D14-D14_j1_D18",
            "comA":[
                0.00029798429647479393,
                -5.048365482703002e-05,
                0.00046970576607631616
            ],
            "comB":[
                -38.21454507810576,
                -2.1598288199721694,
                28.381968554075772
            ],
            "rot":[
                [
                    0.8715196578955402,
                    0.2758087278734781,
                    -0.4054417732923612
                ],
                [
                    -0.293310359878609,
                    0.9558138324527188,
                    0.01972182749967817
                ],
                [
                    0.3929663073210245,
                    0.1017323120786095,
                    0.9139081015012502
                ]
            ],
            "tran":[
                21.518159415780598,
                9.716911209334203,
                -41.389883481393554
            ]
        },
        {
            "pairName":"D14_j1_D14-D14_j1_D54",
            "comA":[
                0.00029798429647479393,
                -5.048365482703002e-05,
                0.00046970576607631616
            ],
            "comB":[
                -36.29921144757952,
                -3.632114249127252,
                29.669337141854424
            ],
            "rot":[
                [
                    0.831844253269313,
                    0.20819547079987913,
                    -0.5144801106371715
                ],
                [
                    -0.07714055734425825,
                    0.9613491831353702,
                    0.2643049044145303
                ],
                [
                    0.5496221181097394,
                    -0.180173233371035,
                    0.8157531080303586
                ]
            ],
            "tran":[
                13.607897779131179,
                16.39444130535785,
                -41.91856255566025
            ]
        },
        {
            "pairName":"D14_j1_D14-D14_j1_D76",
            "comA":[
                0.00029798429647479393,
                -5.048365482703002e-05,
                0.00046970576607631616
            ],
            "comB":[
                -30.061594066053335,
                -4.681490113128825,
                31.73649005842681
            ],
            "rot":[
                [
                    0.8152956069757552,
                    0.20672130095003496,
                    -0.5408875825710556
                ],
                [
                    -0.04111126047298615,
                    0.9524106801490737,
                    0.3020327144537501
                ],
                [
                    0.5775837060620368,
                    -0.2240093749634227,
                    0.7849948168110022
                ]
            ],
            "tran":[
                5.986559965318067,
                17.782587127926266,
                -39.75909959772479
            ]
        },
        {
            "pairName":"D14_j1_D14-D14_j1_D79",
            "comA":[
                0.00029798429647479393,
                -5.048365482703002e-05,
                0.00046970576607631616
            ],
            "comB":[
                -32.4275565188864,
                2.393191324012435,
                27.097169531946598
            ],
            "rot":[
                [
                    0.8321614841424454,
                    0.2382102439145074,
                    -0.5007625625024632
                ],
                [
                    -0.21577257534197633,
                    0.9709626556628492,
                    0.1033136827261403
                ],
                [
                    0.5108321251058254,
                    0.0220771601963971,
                    0.8593969623855605
                ]
            ],
            "tran":[
                13.659524027083695,
                4.802464992505471,
                -39.77305735383559
            ]
        },
        {
            "pairName":"D14_j1_D14-D14_j1_D81",
            "comA":[
                0.00029798429647479393,
                -5.048365482703002e-05,
                0.00046970576607631616
            ],
            "comB":[
                -40.43159141907325,
                -0.6693269428797066,
                26.280721242611225
            ],
            "rot":[
                [
                    0.8076783115390082,
                    0.26448425827191807,
                    -0.526976111598856
                ],
                [
                    -0.19596123371199153,
                    0.9633551833855873,
                    0.18315563198055185
                ],
                [
                    0.5561069501018406,
                    -0.04466394262125167,
                    0.8299097494775889
                ]
            ],
            "tran":[
                17.909361625736096,
                12.512077475272717,
                -42.994284092789286
            ]
        },
        {
            "pairName":"D14_j1_D14-D14_j2_D14",
            "comA":[
                0.00029798429647479393,
                -5.048365482703002e-05,
                0.00046970576607631616
            ],
            "comB":[
                -21.75355496504271,
                -6.986408360926581,
                27.151586407766292
            ],
            "rot":[
                [
                    0.15447173325043542,
                    0.24895940890176832,
                    -0.956115942940964
                ],
                [
                    0.8010842416119661,
                    -0.5979744246845345,
                    -0.02627975007836228
                ],
                [
                    -0.5782754719574297,
                    -0.7618699364999789,
                    -0.2918076050926882
                ]
            ],
            "tran":[
                24.65849225059553,
                21.92362275789962,
                -13.059259583003815
            ]
        },
        {
            "pairName":"D14_j1_D14-D14_j2_D54",
            "comA":[
                0.00029798429647479393,
                -5.048365482703002e-05,
                0.00046970576607631616
            ],
            "comB":[
                -35.193748578347794,
                -3.0271256232196517,
                30.650131217768934
            ],
            "rot":[
                [
                    0.879798616001976,
                    0.24694000897712604,
                    -0.4061711797350775
                ],
                [
                    -0.1872103844001538,
                    0.9654191112740728,
                    0.18143376631577265
                ],
                [
                    0.43692867524775064,
                    -0.08358571381017431,
                    0.8956041319651724
                ]
            ],
            "tran":[
                17.004627339058118,
                14.175307855132393,
                -41.19565441630975
            ]
        },
        {
            "pairName":"D14_j1_D14-D14_j2_D71",
            "comA":[
                0.00029798429647479393,
                -5.048365482703002e-05,
                0.00046970576607631616
            ],
            "comB":[
                -38.08852555800458,
                -1.3511122433202607,
                17.75707144427056
            ],
            "rot":[
                [
                    0.810223676642623,
                    0.15480233711798938,
                    -0.5653086150329919
                ],
                [
                    -0.03949411290138216,
                    0.9767187611631853,
                    0.2108570051906869
                ],
                [
                    0.5847886873511181,
                    -0.148514975725214,
                    0.7974744466949996
                ]
            ],
            "tran":[
                20.422901283986953,
                9.853470012930718,
                -35.407711529095955
            ]
        },
        {
            "pairName":"D14_j1_D14-D14_j2_D79",
            "comA":[
                0.00029798429647479393,
                -5.048365482703002e-05,
                0.00046970576607631616
            ],
            "comB":[
                -40.391115892598556,
                -2.80136912013504,
                22.997072979871806
            ],
            "rot":[
                [
                    0.8222316253230924,
                    0.1882729412601608,
                    -0.537111211861933
                ],
                [
                    -0.10857114776094773,
                    0.978257916922588,
                    0.17670244438645757
                ],
                [
                    0.5587015842043197,
                    -0.08697555729931686,
                    0.8247956063413873
                ]
            ],
            "tran":[
                20.057792172023124,
                12.34514312101125,
                -40.16696020699834
            ]
        },
        {
            "pairName":"D14_j1_D14-D14_j3_D54",
            "comA":[
                0.00029798429647479393,
                -5.048365482703002e-05,
                0.00046970576607631616
            ],
            "comB":[
                -36.98685717320704,
                -3.3779780482361605,
                21.16992870267931
            ],
            "rot":[
                [
                    0.480509115024476,
                    0.11148601082092999,
                    -0.8698746230173805
                ],
                [
                    0.7398140398978701,
                    0.48111189715987135,
                    0.4703259814014331
                ],
                [
                    0.47094179762300487,
                    -0.8695413801553464,
                    0.1486997358745072
                ]
            ],
            "tran":[
                10.30208690604868,
                24.15687053311608,
                -33.733404364550715
            ]
        },
        {
            "pairName":"D14_j1_D14-D14_j4_D79",
            "comA":[
                0.00029798429647479393,
                -5.048365482703002e-05,
                0.00046970576607631616
            ],
            "comB":[
                -26.06870995249067,
                3.0519826781585233,
                23.726956783531808
            ],
            "rot":[
                [
                    0.7083496619346934,
                    0.07983918002484824,
                    -0.7013319198282404
                ],
                [
                    0.3370487806040705,
                    0.8347358062597473,
                    0.43544718766022417
                ],
                [
                    0.6201926119604415,
                    -0.5448319365463533,
                    0.5643751278970712
                ]
            ],
            "tran":[
                2.7214102716269597,
                12.460937511640909,
                -33.002277452174354
            ]
        },
        {
            "pairName":"D14_j1_D14-D14_j5_D79",
            "comA":[
                0.00029798429647479393,
                -5.048365482703002e-05,
                0.00046970576607631616
            ],
            "comB":[
                -33.10906904194212,
                0.2005207053630308,
                29.350285686106176
            ],
            "rot":[
                [
                    0.8140296876093811,
                    0.26791500211839386,
                    -0.5153418470592841
                ],
                [
                    -0.16535825987023034,
                    0.9574435411516855,
                    0.2365555144138683
                ],
                [
                    0.5567874940974006,
                    -0.10734718043256374,
                    0.8236894252507526
                ]
            ],
            "tran":[
                10.642581765842163,
                11.829306061067635,
                -41.28553326344565
            ]
        },
        {
            "pairName":"D14_j1_D18-D18",
            "comA":[
                8.11103764954988e-05,
                -3.1551891551898405e-05,
                -0.00017116661812808062
            ],
            "comB":[
                -47.23491662343343,
                -31.426899973551432,
                29.854216702779134
            ],
            "rot":[
                [
                    0.7891551759939636,
                    -0.33461643890992376,
                    -0.5150397528474645
                ],
                [
                    -0.5471682416282242,
                    -0.7639386321368633,
                    -0.34205947097301037
                ],
                [
                    -0.2790000422139987,
                    0.5517513979502905,
                    -0.7859576141907954
                ]
            ],
            "tran":[
                28.409460389771738,
                -56.28606304495852,
                -11.61345057229893
            ]
        },
        {
            "pairName":"D14_j1_D18-D18_j1_D14",
            "comA":[
                0.00011714010893761574,
                1.3514589686114508e-05,
                -0.00018918923698030076
            ],
            "comB":[
                -51.84335012479861,
                13.38494931730444,
                -4.095958516928732
            ],
            "rot":[
                [
                    0.9343064092932826,
                    -0.2878746038595978,
                    0.210237356352702
                ],
                [
                    -0.14729640651655299,
                    0.22529856353112698,
                    0.9630910267976344
                ],
                [
                    -0.32461562220694756,
                    -0.9307893261761715,
                    0.16809499723580706
                ]
            ],
            "tran":[
                49.07914019373566,
                -21.751999541281418,
                -1.3033891154729615
            ]
        },
        {
            "pairName":"D14_j1_D54-D54",
            "comA":[
                -0.0003085930539028985,
                -0.0002342960238456726,
                -0.0004743339347520045
            ],
            "comB":[
                -26.717146408267137,
                -19.36041466201224,
                45.24341480906417
            ],
            "rot":[
                [
                    0.9605728199580638,
                    -0.17486692061016332,
                    0.2161513766649008
                ],
                [
                    0.2656144151543136,
                    0.3474621145921931,
                    -0.8992880858686797
                ],
                [
                    0.08215132390926413,
                    0.9212446140952145,
                    0.3802098380901192
                ]
            ],
            "tran":[
                27.089153813831988,
                -39.62526203747598,
                -28.837154728394516
            ]
        },
        {
            "pairName":"D14_j1_D54-D54_j1_D79",
            "comA":[
                -0.0002685864163296563,
                -0.0002457215530531747,
                -0.00047431247707988537
            ],
            "comB":[
                30.442700456364364,
                44.62740564126573,
                -31.375096751797585
            ],
            "rot":[
                [
                    0.5383570266420739,
                    -0.5469476775453007,
                    -0.6411083760901173
                ],
                [
                    0.76077077445237,
                    0.6426715931612076,
                    0.0905596603503806
                ],
                [
                    0.3624907455428986,
                    -0.5364899452659269,
                    0.7620885762326559
                ]
            ],
            "tran":[
                -38.96664612431843,
                -28.862283437968294,
                39.38639472599614
            ]
        },
        {
            "pairName":"D14_j1_D76-D76",
            "comA":[
                0.0004306789441495249,
                0.0002524260486854185,
                -0.00015346779681668423
            ],
            "comB":[
                13.770518882656997,
                -32.84215074215295,
                37.12291505201807
            ],
            "rot":[
                [
                    -0.21475032660672289,
                    0.7571378619565018,
                    0.6169477734899799
                ],
                [
                    0.17063680279666205,
                    -0.5928837551640695,
                    0.7870018642886972
                ],
                [
                    0.9616472215701759,
                    0.27428290295694674,
                    -0.0018736039792533465
                ]
            ],
            "tran":[
                -27.137399647390147,
                -40.07940883714188,
                17.420749339037574
            ]
        },
        {
            "pairName":"D14_j1_D79-D79",
            "comA":[
                0.00026522950957650726,
                -0.00016956934300453767,
                -6.522062568641875e-05
            ],
            "comB":[
                -21.485536175424404,
                0.4585818497972055,
                16.07042724869468
            ],
            "rot":[
                [
                    0.8638288930800937,
                    -0.3266487021936617,
                    0.3835365286843172
                ],
                [
                    -0.25173668694789225,
                    0.3795743225545113,
                    0.8902538818234842
                ],
                [
                    -0.43638089317076945,
                    -0.8655772403503224,
                    0.24565780480782917
                ]
            ],
            "tran":[
                25.68786971736532,
                6.717992587910408,
                3.884702643608331
            ]
        },
        {
            "pairName":"D14_j1_D79-D79_j1_D54",
            "comA":[
                0.00027392252307871116,
                -0.00018260384221439776,
                -5.652249395928305e-05
            ],
            "comB":[
                3.9519255673816036,
                8.478725580004758,
                52.57335810106854
            ],
            "rot":[
                [
                    -0.1296164532813427,
                    -0.9907036188467127,
                    -0.041302719556869864
                ],
                [
                    0.7471467855814397,
                    -0.07019639240415318,
                    -0.6609418637737849
                ],
                [
                    0.6518981943786071,
                    -0.11652813436020515,
                    0.7492996317017924
                ]
            ],
            "tran":[
                -40.095045550139965,
                10.636791763069702,
                -33.62578242487002
            ]
        },
        {
            "pairName":"D14_j1_D79-D79_j2_D14",
            "comA":[
                0.00027392252307871116,
                -0.00018260384221439776,
                -5.652249395928305e-05
            ],
            "comB":[
                6.472990173481259,
                11.080122550072915,
                54.364960763968675
            ],
            "rot":[
                [
                    -0.17430267772112695,
                    -0.9842280468065875,
                    -0.030227941023735307
                ],
                [
                    0.7478989000893412,
                    -0.11235669370350457,
                    -0.6542348268207452
                ],
                [
                    0.6405199542437368,
                    -0.13664232601689064,
                    0.7556871462161411
                ]
            ],
            "tran":[
                -41.98069144057378,
                15.044391613179176,
                -33.638292125852466
            ]
        },
        {
            "pairName":"D14_j1_D81-D81",
            "comA":[
                -0.00031730755626295623,
                -2.884316759613844e-05,
                0.00023073480070496982
            ],
            "comB":[
                -19.59529092149301,
                -20.319600040262397,
                28.97839991829612
            ],
            "rot":[
                [
                    -0.7148471772419351,
                    -0.012363783114764326,
                    -0.6991714024874928
                ],
                [
                    -0.48736186875325443,
                    0.725818883778177,
                    0.4854537638502119
                ],
                [
                    0.5014697618746041,
                    0.6877747340649354,
                    -0.5248752167013937
                ]
            ],
            "tran":[
                -38.44244345616521,
                -5.4242831276916155,
                11.373872088072552
            ]
        },
        {
            "pairName":"D14_j2_D14-D14",
            "comA":[
                0.0003507716766514703,
                -0.0004188427140848487,
                0.00023034573849583173
            ],
            "comB":[
                10.207062525488436,
                -66.87009992599488,
                -20.61630003452301
            ],
            "rot":[
                [
                    -0.38416433085980145,
                    0.13953526454570891,
                    -0.9126596719715406
                ],
                [
                    0.8628863389101953,
                    0.4058687595610567,
                    -0.30116061517822773
                ],
                [
                    0.32839752285484786,
                    -0.9032167292297729,
                    -0.27632337400638346
                ]
            ],
            "tran":[
                68.39325965144272,
                7.094822256999463,
                -16.51962808151022
            ]
        },
        {
            "pairName":"D14_j2_D14-D14_j1_D14",
            "comA":[
                0.00035077916624034263,
                -0.0004450147703328994,
                0.0002093923653607593
            ],
            "comB":[
                -28.993803053191215,
                -3.6209393883820136,
                30.819015221162275
            ],
            "rot":[
                [
                    0.7886984093545263,
                    0.1803544919868078,
                    -0.5877304452738698
                ],
                [
                    0.0340668378443601,
                    0.9417106626863001,
                    0.334694604590835
                ],
                [
