{
    "links":{
        "D14":14,
        "D54_j1_D79":3,
        "D71":1,
        "D76":1,
        "D14_j1_D14":14,
        "D14_j1_D18":2,
        "D14_j4_D79":3,
        "D18":2,
        "D14_j2_D14":14,
        "D14_j2_D79":3,
        "D53":3,
        "D54":2,
        "D14_j2_D71":1,
        "D14_j2_D54":2,
        "D53_j1_D79":3,
        "D79_j2_D14":14,
        "D53_j1_D4":2,
        "D79_j1_D54":2,
        "D79":3,
        "D8":1,
        "D49_j1_D81":1,
        "D49":4,
        "D14_j3_D54":2,
        "D14_j1_D54":2,
        "D64":1,
        "D14_j1_D81":1,
        "D49_j1_D79":3,
        "D14_j5_D79":3,
        "D81":1,
        "D49_j1_D14":14,
        "D14_j1_D76":1,
        "D4_j1_D64":1,
        "D18_j1_D14":14,
        "D4":2,
        "D14_j1_D79":3
    },
    "singles":35,
    "complexity":303521499316224,
    "data":{
        "D14":{
            "D14":{
                "comB":[
                    -5.096649980545002,
                    18.949674911797047,
                    5.030087584257164
                ],
                "rot":[
                    [
                        0.9444549820023778,
                        0.1827048056147587,
                        -0.2731734631624408
                    ],
                    [
                        -0.1858797492743951,
                        0.9824663008866322,
                        0.014445983241940158
                    ],
                    [
                        0.27102307241372653,
                        0.03713383399827991,
                        0.9618563159807247
                    ]
                ],
                "tran":[
                    6.9725914543589,
                    -17.873083871634268,
                    -6.504246602340161
                ],
                "radiiA":{
                    "avgAll":11.449677199460623,
                    "maxCA":17.457064929006883,
                    "maxHeavy":21.983412506894609
                },
                "radiiB":{
                    "avgAll":11.449677199460623,
                    "maxCA":17.457064929006883,
                    "maxHeavy":21.983412506894609
                }
            },
            "D14_j1_D14":{
                "comB":[
                    -2.837864359778931,
                    28.498877447603935,
                    13.107821473015024
                ],
                "rot":[
                    [
                        0.7886984095433712,
                        0.18035449192639857,
                        -0.5877304450389885
                    ],
                    [
                        0.03406683837648211,
                        0.9417106624247571,
                        0.334694605272562
                    ],
                    [
                        0.6138357022093026,
                        -0.2839952209412969,
                        0.7365815943775111
                    ]
                ],
                "tran":[
                    -6.778697933854684,
                    -22.603292758100313,
                    -20.861301036422592
                ],
                "radiiA":{
                    "avgAll":11.449677199460623,
                    "maxCA":17.457064929006883,
                    "maxHeavy":21.983412506894609
                },
                "radiiB":{
                    "avgAll":15.749063335766136,
                    "maxCA":28.022815980237912,
                    "maxHeavy":29.362197573720227
                }
            },
            "D14_j1_D18":{
                "comB":[
                    -12.062201751981446,
                    29.87945532968401,
                    10.686485779285444
                ],
                "rot":[
                    [
                        0.8715196572855428,
                        0.2758087272177714,
                        -0.40544177504963974
                    ],
                    [
                        -0.2933103589978498,
                        0.9558138327049466,
                        0.01972182837450861
                    ],
                    [
                        0.3929663093312732,
                        0.10173231148653958,
                        0.9139081007027806
                    ]
                ],
                "tran":[
                    15.07696239470331,
                    -26.319475693598427,
                    -15.246294913249185
                ],
                "radiiA":{
                    "avgAll":11.449677199460623,
                    "maxCA":17.457064929006883,
                    "maxHeavy":21.983412506894609
                },
                "radiiB":{
                    "avgAll":16.963619173284322,
                    "maxCA":28.460048318897474,
                    "maxHeavy":29.930009686620135
                }
            },
            "D14_j5_D79":{
                "comB":[
                    -6.879305676980409,
                    32.27170676968314,
                    11.76653068011459
                ],
                "rot":[
                    [
                        0.8140296876843269,
                        0.2679150028195423,
                        -0.5153418465763888
                    ],
                    [
                        -0.16535825963841688,
                        0.9574435407785147,
                        0.23655551608629855
                    ],
                    [
                        0.5567874940566747,
                        -0.10734718201101486,
                        0.8236894250725714
                    ]
                ],
                "tran":[
                    4.384914426217502,
                    -27.79215770978707,
                    -20.871224577941238
                ],
                "radiiA":{
                    "avgAll":11.449677199460623,
                    "maxCA":17.457064929006883,
                    "maxHeavy":21.983412506894609
                },
                "radiiB":{
                    "avgAll":17.457401879128263,
                    "maxCA":31.683634766156864,
                    "maxHeavy":33.875315114318759
                }
            },
            "D14_j4_D79":{
                "comB":[
                    0.12540193263524987,
                    35.16996641333433,
                    5.900693312477601
                ],
                "rot":[
                    [
                        0.7083496612083932,
                        0.07983918007833662,
                        -0.7013319205557195
                    ],
                    [
                        0.33704878161267815,
                        0.8347358057366421,
                        0.4354471878823064
                    ],
                    [
                        0.6201926122418454,
                        -0.5448319373399638,
                        0.5643751268217072
                    ]
                ],
                "tran":[
                    -15.602370889782957,
                    -26.152768493009198,
                    -18.556921307136605
                ],
                "radiiA":{
                    "avgAll":11.449677199460623,
                    "maxCA":17.457064929006883,
                    "maxHeavy":21.983412506894609
                },
                "radiiB":{
                    "avgAll":18.531803528553183,
                    "maxCA":34.135621910570322,
                    "maxHeavy":36.479747938281591
                }
            },
            "D14_j1_D76":{
                "comB":[
                    -4.058925043619552,
                    27.458062425309507,
                    14.119228872427584
                ],
                "rot":[
                    [
                        0.8152956069321579,
                        0.20672129985242954,
                        -0.5408875830562635
                    ],
                    [
                        -0.04111125938990848,
                        0.9524106803513612,
                        0.3020327139632936
                    ],
                    [
                        0.5775837062006685,
                        -0.2240093751162635,
                        0.7849948166653846
                    ]
                ],
                "tran":[
                    -3.7169539281509345,
                    -22.14948878963171,
                    -21.572178593721787
                ],
                "radiiA":{
                    "avgAll":11.449677199460623,
                    "maxCA":17.457064929006883,
                    "maxHeavy":21.983412506894609
                },
                "radiiB":{
                    "avgAll":16.355787394616002,
                    "maxCA":29.896380060020658,
                    "maxHeavy":32.460040051400675
                }
            },
            "D14_j2_D14":{
                "comB":[
                    4.324102285728857,
                    25.05787236533868,
                    9.488443295619469
                ],
                "rot":[
                    [
                        0.15447173381022203,
                        0.24895940745672804,
                        -0.9561159432267924
                    ],
                    [
                        0.8010842412974795,
                        -0.597974425158855,
                        -0.02627974887204501
                    ],
                    [
                        -0.5782754722435537,
                        -0.7618699365998967,
                        -0.29180760426480223
                    ]
                ],
                "tran":[
                    -15.254485237339429,
                    21.136413824885373,
                    7.561683749835894
                ],
                "radiiA":{
                    "avgAll":11.449677199460623,
                    "maxCA":17.457064929006883,
                    "maxHeavy":21.983412506894609
                },
                "radiiB":{
                    "avgAll":15.896913365104565,
                    "maxCA":27.90858286956826,
                    "maxHeavy":33.474948091898909
                }
            },
            "D14_j3_D54":{
                "comB":[
                    -11.087925978395349,
                    29.002075461322132,
                    3.4324670781107933
                ],
                "rot":[
                    [
                        0.4805091160297179,
                        0.11148601093418178,
                        -0.8698746224475812
                    ],
                    [
                        0.7398140394087513,
                        0.48111189699819795,
                        0.4703259823361895
                    ],
                    [
                        0.4709417973657093,
                        -0.8695413802302787,
                        0.1486997362511996
                    ]
                ],
                "tran":[
                    -17.744795569018414,
                    -9.732366326503712,
                    -23.795964290063644
                ],
                "radiiA":{
                    "avgAll":11.449677199460623,
                    "maxCA":17.457064929006883,
                    "maxHeavy":21.983412506894609
                },
                "radiiB":{
                    "avgAll":15.569118267861869,
                    "maxCA":27.109247919966535,
                    "maxHeavy":29.667816564186712
                }
            },
            "D14_j2_D54":{
                "comB":[
                    -9.123881040228131,
                    29.35567283947417,
                    13.167071030368218
                ],
                "rot":[
                    [
                        0.8797986157704303,
                        0.246940008065832,
                        -0.4061711807906633
                    ],
                    [
                        -0.18721038378386953,
                        0.9654191115830306,
                        0.18143376530769478
                    ],
                    [
                        0.43692867597804924,
                        -0.08358571293395922,
                        0.8956041316906651
                    ]
                ],
                "tran":[
                    7.769780419328477,
                    -24.986855249964282,
                    -20.824451700484772
                ],
                "radiiA":{
                    "avgAll":11.449677199460623,
                    "maxCA":17.457064929006883,
                    "maxHeavy":21.983412506894609
                },
                "radiiB":{
                    "avgAll":16.486897249170305,
                    "maxCA":27.256745327354089,
                    "maxHeavy":29.244571271788168
                }
            },
            "D14_j1_D54":{
                "comB":[
                    -10.299857672670226,
                    28.709435706145197,
                    12.222354926358301
                ],
                "rot":[
                    [
                        0.8318442538629252,
                        0.20819546963840926,
                        -0.5144801101473954
                    ],
                    [
                        -0.07714055627263233,
                        0.9613491832807932,
                        0.2643049041983558
                    ],
                    [
                        0.549622117361722,
                        -0.18017323393721765,
                        0.8157531084092924
                    ]
                ],
                "tran":[
                    4.064842881414735,
                    -23.25329887464916,
                    -22.85754534419858
                ],
                "radiiA":{
                    "avgAll":11.449677199460623,
                    "maxCA":17.457064929006883,
                    "maxHeavy":21.983412506894609
                },
                "radiiB":{
                    "avgAll":16.175670176420166,
                    "maxCA":26.525659933376204,
                    "maxHeavy":28.364007314579112
                }
            },
            "D14_j1_D81":{
                "comB":[
                    -14.504473438664025,
                    31.688131960126285,
                    8.59154517845577
                ],
                "rot":[
                    [
                        0.8076783109540359,
                        0.26448425665066094,
                        -0.5269761133091163
                    ],
                    [
                        -0.19596123204049287,
                        0.9633551838311529,
                        0.1831556314253464
                    ],
                    [
                        0.5561069515404456,
                        -0.04466394261137871,
                        0.8299097485141379
                    ]
                ],
                "tran":[
                    13.146780044854461,
                    -26.307012250784794,
                    -20.577582903051102
                ],
                "radiiA":{
                    "avgAll":11.449677199460623,
                    "maxCA":17.457064929006883,
                    "maxHeavy":21.983412506894609
                },
                "radiiB":{
                    "avgAll":17.8355182219955,
                    "maxCA":31.944608084485306,
                    "maxHeavy":34.612459085644957
                }
            },
            "D14_j2_D71":{
                "comB":[
                    -12.225699246340765,
                    30.894035048636017,
                    -0.09197270595670813
                ],
                "rot":[
                    [
                        0.8102236775093056,
                        0.15480233684297925,
                        -0.5653086138661337
                    ],
                    [
                        -0.03949411278641335,
                        0.9767187611544659,
                        0.21085700525260878
                    ],
                    [
                        0.5847886861580949,
                        -0.14851497606920788,
                        0.7974744475057814
                    ]
                ],
                "tran":[
                    11.179467219715477,
                    -28.295833383556275,
                    -13.352149141606457
                ],
                "radiiA":{
                    "avgAll":11.449677199460623,
                    "maxCA":17.457064929006883,
                    "maxHeavy":21.983412506894609
                },
                "radiiB":{
                    "avgAll":16.892688943745959,
                    "maxCA":32.079582024111872,
                    "maxHeavy":32.70016309015795
                }
            },
            "D14_j1_D79":{
                "comB":[
                    -6.491913039126251,
                    34.53777920733741,
                    9.319787013657587
                ],
                "rot":[
                    [
                        0.8321614838490344,
                        0.23821024388801787,
                        -0.5007625630026517
                    ],
                    [
                        -0.21577257507998898,
                        0.9709626556770213,
                        0.10331368314011954
                    ],
                    [
                        0.5108321256944636,
                        0.022077159858946413,
                        0.8593969620443388
                    ]
                ],
                "tran":[
                    8.0937622234888,
                    -32.19422003371534,
                    -14.82853214241133
                ],
                "radiiA":{
                    "avgAll":11.449677199460623,
                    "maxCA":17.457064929006883,
                    "maxHeavy":21.983412506894609
                },
                "radiiB":{
                    "avgAll":17.675859163549095,
                    "maxCA":32.144644485369653,
                    "maxHeavy":34.091340106146866
                }
            },
            "D14_j2_D79":{
                "comB":[
                    -14.20536927321793,
                    29.259826429070852,
                    5.252037898238933
                ],
                "rot":[
                    [
                        0.8222316250845219,
                        0.18827294188437177,
                        -0.5371112120083419
                    ],
                    [
                        -0.10857114740193058,
                        0.9782579166735594,
                        0.17670244598571674
                    ],
                    [
                        0.5587015846251858,
                        -0.0869755587490587,
                        0.8247956059034229
                    ]
                ],
                "tran":[
                    11.922548341169364,
                    -25.49235859943468,
                    -17.13199453913042
                ],
                "radiiA":{
                    "avgAll":11.449677199460623,
                    "maxCA":17.457064929006883,
                    "maxHeavy":21.983412506894609
                },
                "radiiB":{
                    "avgAll":17.128014295016911,
                    "maxCA":27.744029338744969,
                    "maxHeavy":30.072906705707574
                }
            }
        },
        "D54_j1_D79":{
            "D79_j1_D54":{
                "comB":[
                    17.349367137027105,
                    33.724708395903654,
                    -11.419610189457165
                ],
                "rot":[
                    [
                        0.9814118386620532,
                        0.161742776492632,
                        -0.10329606568704866
                    ],
                    [
                        0.10444204374387306,
                        0.0014243192187651035,
                        0.9945299547089403
                    ],
                    [
                        0.16100516275129664,
                        -0.9868319236664459,
                        -0.015494902394369233
                    ]
                ],
                "tran":[
                    -18.71054319712219,
                    -14.123398991120784,
                    -31.92503055654425
                ],
                "radiiA":{
                    "avgAll":17.112070560628112,
                    "maxCA":32.401130169770525,
                    "maxHeavy":34.475787323651893
                },
                "radiiB":{
                    "avgAll":16.202300650379104,
                    "maxCA":28.407747302583534,
                    "maxHeavy":30.301184080538683
                }
            },
            "D79_j2_D14":{
                "comB":[
                    19.7660086432999,
                    33.35553541781095,
                    -8.160796599777619
                ],
                "rot":[
                    [
                        0.9884759295826069,
                        0.11566216246440406,
                        -0.09766064104775526
                    ],
                    [
                        0.09725794988812161,
                        0.009133641771770463,
                        0.9952172967606344
                    ],
                    [
                        0.11600098197584523,
                        -0.9932466162852218,
                        -0.0022206797600893657
                    ]
                ],
                "tran":[
                    -21.83563780924781,
                    -10.69656584789675,
                    -31.2837723170252
                ],
                "radiiA":{
                    "avgAll":17.112070560628112,
                    "maxCA":32.401130169770525,
                    "maxHeavy":34.475787323651893
                },
                "radiiB":{
                    "avgAll":16.531845755322482,
                    "maxCA":27.872015625506375,
                    "maxHeavy":33.359416650522462
                }
            },
            "D79":{
                "comB":[
                    20.124886474707885,
                    24.488228147448798,
                    -12.752759428782676
                ],
                "rot":[
                    [
                        0.4843106411484217,
                        0.8116106527760409,
                        0.32669764488109615
                    ],
                    [
                        -0.2004567952346778,
                        -0.26054063793166327,
                        0.9444234480519871
                    ],
                    [
                        0.8516221439785652,
                        -0.5228830885452422,
                        0.03651026703190731
                    ]
                ],
                "tran":[
                    6.022641220424829,
                    -16.621589545823724,
                    -29.236420123804656
                ],
                "radiiA":{
                    "avgAll":17.112070560628112,
                    "maxCA":32.401130169770525,
                    "maxHeavy":34.475787323651893
                },
                "radiiB":{
                    "avgAll":13.708182240118093,
                    "maxCA":24.845927804406713,
                    "maxHeavy":25.869925693118322
                }
            }
        },
        "D71":{
            "D71":{
                "comB":[
                    -16.015299976468086,
                    14.361380257606315,
                    3.2891000661254446
                ],
                "rot":[
                    [
                        0.9108114693407624,
                        -0.41240724397482886,
                        -0.018513034176121518
                    ],
                    [
                        0.4092840065449044,
                        0.8962368266618501,
                        0.17101506518914533
                    ],
                    [
                        -0.0539357887109414,
                        -0.16333957160523735,
                        0.9850944701113421
                    ]
                ],
                "tran":[
                    8.886469197681171,
                    -18.93876294760093,
                    -5.99261314039701
                ],
                "radiiA":{
                    "avgAll":12.814272051878248,
                    "maxCA":23.732073385007777,
                    "maxHeavy":23.992907144123489
                },
                "radiiB":{
                    "avgAll":12.814272051878248,
                    "maxCA":23.732073385007777,
                    "maxHeavy":23.992907144123489
                }
            }
        },
        "D76":{
            "D76":{
                "comB":[
                    -2.492090884122025,
                    9.054418202150925,
                    19.47333622412236
                ],
                "rot":[
                    [
                        0.9016491463641169,
                        -0.4306887625474413,
                        0.03919192105796926
                    ],
                    [
                        0.4237665498013955,
                        0.8617836552504028,
                        -0.2788383811685132
                    ],
                    [
                        0.08631760035057712,
                        0.26802261352096646,
                        0.959537988050035
                    ]
                ],
                "tran":[
                    -3.270752364923974,
                    -14.095495983734454,
                    -16.062972193291323
                ],
                "radiiA":{
                    "avgAll":13.594453783578835,
                    "maxCA":24.245397361308584,
                    "maxHeavy":25.786930831485673
                },
                "radiiB":{
                    "avgAll":13.594453783578835,
                    "maxCA":24.245397361308584,
                    "maxHeavy":25.786930831485673
                }
            }
        },
        "D14_j1_D14":{
            "D14":{
                "comB":[
                    26.28191120073425,
                    16.09719093025633,
                    4.046353388251965
                ],
                "rot":[
                    [
                        0.21872548706016792,
                        0.900135176954173,
                        0.3767171678062626
                    ],
                    [
                        -0.9743755975099913,
                        0.1807233806147434,
                        0.13390763486905896
                    ],
                    [
                        0.05245337250681567,
                        -0.3963530281313091,
                        0.916598560332604
                    ]
                ],
                "tran":[
                    9.723861225780473,
                    -24.962675601477542,
                    -15.76529751075827
                ],
                "radiiA":{
                    "avgAll":15.749063335766136,
                    "maxCA":28.022815980237912,
                    "maxHeavy":29.362197573720227
                },
                "radiiB":{
                    "avgAll":11.449677199460623,
                    "maxCA":17.457064929006883,
                    "maxHeavy":21.983412506894609
                }
            },
            "D14_j1_D14":{
                "comB":[
                    38.67192704226431,
                    16.415448865341126,
                    6.861544920006389
                ],
                "rot":[
                    [
                        0.519726000580671,
                        0.7187669309122946,
                        0.4617997221170041
                    ],
                    [
                        -0.7952455301342591,
                        0.2094838434352747,
                        0.5689473316055411
                    ],
                    [
                        0.31220094670244236,
                        -0.662940886027183,
                        0.6804703891512051
                    ]
                ],
                "tran":[
                    -9.18667605165165,
                    -26.68605120248207,
                    -31.867290308628494
                ],
                "radiiA":{
                    "avgAll":15.749063335766136,
                    "maxCA":28.022815980237912,
                    "maxHeavy":29.362197573720227
                },
                "radiiB":{
                    "avgAll":15.749063335766136,
                    "maxCA":28.022815980237912,
                    "maxHeavy":29.362197573720227
                }
            },
            "D14_j1_D18":{
                "comB":[
                    36.26910523107734,
                    25.7461779844999,
                    6.715930346665383
                ],
                "rot":[
                    [
                        0.16343687809442786,
                        0.9318627820360961,
                        0.32391378842941154
                    ],
                    [
                        -0.9614146231633997,
                        0.0767958563613787,
                        0.2641672175219701
                    ],
                    [
                        0.22129236147306228,
                        -0.3545901181669746,
                        0.9084577804455233
                    ]
                ],
                "tran":[
                    17.338850153422573,
                    -33.39360514217869,
                    -24.650529666941424
                ],
                "radiiA":{
                    "avgAll":15.749063335766136,
                    "maxCA":28.022815980237912,
                    "maxHeavy":29.362197573720227
                },
                "radiiB":{
                    "avgAll":16.963619173284322,
                    "maxCA":28.460048318897474,
                    "maxHeavy":29.930009686620135
                }
            },
            "D14_j5_D79":{
                "comB":[
                    40.18160418571485,
                    21.68194082367328,
                    5.3280888950715735
                ],
                "rot":[
                    [
                        0.33121862552283654,
                        0.8359878270184405,
                        0.4375140856975335
                    ],
                    [
                        -0.8832262099866764,
                        0.11155647308859501,
                        0.45548503301931315
                    ],
                    [
                        0.33197241466624006,
                        -0.537289034309299,
                        0.7753159417370739
                    ]
                ],
                "tran":[
                    4.072403411726068,
                    -33.14736270384516,
                    -31.58678295482053
                ],
                "radiiA":{
                    "avgAll":15.749063335766136,
                    "maxCA":28.022815980237912,
                    "maxHeavy":29.362197573720227
                },
                "radiiB":{
                    "avgAll":17.457401879128263,
                    "maxCA":31.683634766156864,
                    "maxHeavy":33.875315114318759
                }
            },
            "D14_j4_D79":{
                "comB":[
                    41.85150335958956,
                    17.010162611568187,
                    -2.8731189896112825
                ],
                "rot":[
                    [
                        0.7583485461168927,
                        0.4822851777352243,
                        0.43852991909252687
                    ],
                    [
                        -0.6125785342953547,
                        0.29730055072210854,
                        0.7323659753571887
                    ],
                    [
                        0.22283406813804282,
                        -0.8240226877199647,
                        0.5208949876892811
                    ]
                ],
                "tran":[
                    -20.677719196940117,
                    -27.609018103364992,
                    -29.314209609689268
                ],
                "radiiA":{
                    "avgAll":15.749063335766136,
                    "maxCA":28.022815980237912,
                    "maxHeavy":29.362197573720227
                },
                "radiiB":{
                    "avgAll":18.531803528553183,
                    "maxCA":34.135621910570322,
                    "maxHeavy":36.479747938281591
                }
            },
            "D14_j1_D76":{
                "comB":[
                    37.92097752449916,
                    17.038126919556895,
                    8.488067866173422
                ],
                "rot":[
                    [
                        0.44652425595251655,
                        0.7622191010056595,
                        0.46865566347604876
                    ],
                    [
                        -0.8422652559195118,
                        0.18127210550897627,
                        0.5076708209412687
                    ],
                    [
                        0.30200219786764915,
                        -0.6214197179253864,
                        0.7229330582126139
                    ]
                ],
                "tran":[
                    -5.145405766023207,
                    -26.71802057135679,
                    -32.55794746518093
                ],
                "radiiA":{
                    "avgAll":15.749063335766136,
                    "maxCA":28.022815980237912,
                    "maxHeavy":29.362197573720227
                },
                "radiiB":{
                    "avgAll":16.355787394616002,
                    "maxCA":29.896380060020658,
                    "maxHeavy":32.460040051400675
                }
            },
            "D14_j2_D14":{
                "comB":[
                    36.02334069207684,
                    9.023600976156832,
                    3.043200288191281
                ],
                "rot":[
                    [
                        0.45850271614397575,
                        -0.7877014812766584,
                        -0.41146279987764944
                    ],
                    [
                        0.2205186456786508,
                        -0.34767435757747883,
                        0.9113144726114804
                    ],
                    [
                        -0.8608988245994124,
                        -0.5085753803298435,
                        0.014293226567310094
                    ]
                ],
                "tran":[
                    -15.886785282583658,
                    33.06062349238011,
                    6.555455421237887
                ],
                "radiiA":{
                    "avgAll":15.749063335766136,
                    "maxCA":28.022815980237912,
                    "maxHeavy":29.362197573720227
                },
                "radiiB":{
                    "avgAll":15.896913365104565,
                    "maxCA":27.90858286956826,
                    "maxHeavy":33.474948091898909
                }
            },
            "D14_j3_D54":{
                "comB":[
                    32.48435340357742,
                    25.46236230718795,
                    0.3965238635418764
                ],
                "rot":[
                    [
                        0.9713446754129675,
                        0.042735036581349084,
                        0.23380170699819125
                    ],
                    [
                        -0.23766806405255417,
                        0.18229279839808524,
                        0.9540876411429434
                    ],
                    [
                        -0.0018473971928923971,
                        -0.9823151491759581,
                        0.18722589250161414
                    ]
                ],
                "tran":[
                    -25.501191086029213,
                    -5.64025749364211,
                    -31.96248428787045
                ],
                "radiiA":{
                    "avgAll":15.749063335766136,
                    "maxCA":28.022815980237912,
                    "maxHeavy":29.362197573720227
                },
                "radiiB":{
                    "avgAll":15.569118267861869,
                    "maxCA":27.109247919966535,
                    "maxHeavy":29.667816564186712
                }
            },
            "D14_j2_D54":{
                "comB":[
                    37.740980573765796,
                    22.523914062184396,
                    8.300852452192254
                ],
                "rot":[
                    [
                        0.27575539544263794,
                        0.8479489727262234,
                        0.4527046515519972
                    ],
                    [
                        -0.9364547227568755,
                        0.1307545989804646,
                        0.32550850537551407
                    ],
                    [
                        0.21682138757654335,
                        -0.5136981355796412,
                        0.8301221063141149
                    ]
                ],
                "tran":[
                    8.885530972216394,
                    -30.683356563811564,
                    -31.307964874794948
                ],
                "radiiA":{
                    "avgAll":15.749063335766136,
                    "maxCA":28.022815980237912,
                    "maxHeavy":29.362197573720227
                },
                "radiiB":{
                    "avgAll":16.486897249170305,
                    "maxCA":27.256745327354089,
                    "maxHeavy":29.244571271788168
                }
            },
            "D14_j1_D54":{
                "comB":[
                    36.447030047795316,
                    23.498721361025247,
                    8.039175635897545
                ],
                "rot":[
                    [
                        0.40764353408329035,
                        0.7901521603224497,
                        0.457696747484458
                    ],
                    [
                        -0.8669505817136486,
                        0.17749766250187007,
                        0.465715866889608
                    ],
                    [
                        0.28674629550606584,
                        -0.5866465233376388,
                        0.7573786494676289
                    ]
                ],
                "tran":[
                    3.2096103993528096,
                    -28.25354443054231,
                    -33.71411924084124
                ],
                "radiiA":{
                    "avgAll":15.749063335766136,
                    "maxCA":28.022815980237912,
                    "maxHeavy":29.362197573720227
                },
                "radiiB":{
                    "avgAll":16.175670176420166,
                    "maxCA":26.525659933376204,
                    "maxHeavy":28.364007314579112
                }
            },
            "D14_j1_D81":{
                "comB":[
                    36.196774588893724,
                    28.923942940925293,
                    4.839402588810465
                ],
                "rot":[
                    [
                        0.30321983219786286,
                        0.8686119609045666,
                        0.3918813528804654
                    ],
                    [
                        -0.8883068098744562,
                        0.10879866125576015,
